   3.8641000e+04
   3.8642000e+04
   3.8643000e+04
   3.8644000e+04
   3.8645000e+04
   3.8646000e+04
   3.8647000e+04
   3.8648000e+04
   3.8649000e+04
   3.8650000e+04
   3.8651000e+04
   3.8652000e+04
   3.8653000e+04
   3.8654000e+04
   3.8655000e+04
   3.8656000e+04
   3.8657000e+04
   3.8658000e+04
   3.8659000e+04
   3.8660000e+04
   3.8661000e+04
   3.8662000e+04
   3.8663000e+04
   3.8664000e+04
   3.8665000e+04
   3.8666000e+04
   3.8667000e+04
   3.8668000e+04
   3.8669000e+04
   3.8670000e+04
   3.8671000e+04
   3.8672000e+04
   3.8673000e+04
   3.8674000e+04
   3.8675000e+04
   3.8676000e+04
   3.8677000e+04
   3.8678000e+04
   3.8679000e+04
   3.8680000e+04
   3.8681000e+04
   3.8682000e+04
   3.8683000e+04
   3.8684000e+04
   3.8685000e+04
   3.8686000e+04
   3.8687000e+04
   3.8688000e+04
   3.8689000e+04
   3.8690000e+04
   3.8691000e+04
   3.8692000e+04
   3.8693000e+04
   3.8694000e+04
   3.8695000e+04
   3.8696000e+04
   3.8697000e+04
   3.8698000e+04
   3.8699000e+04
   3.8700000e+04
   3.8701000e+04
   3.8702000e+04
   3.8703000e+04
   3.8704000e+04
   3.8705000e+04
   3.8706000e+04
   3.8707000e+04
   3.8708000e+04
   3.8709000e+04
   3.8710000e+04
   3.8711000e+04
   3.8712000e+04
   3.8713000e+04
   3.8714000e+04
   3.8715000e+04
   3.8716000e+04
   3.8717000e+04
   3.8718000e+04
   3.8719000e+04
   3.8720000e+04
   3.8721000e+04
   3.8722000e+04
   3.8723000e+04
   3.8724000e+04
   3.8725000e+04
   3.8726000e+04
   3.8727000e+04
   3.8728000e+04
   3.8729000e+04
   3.8730000e+04
   3.8731000e+04
   3.8732000e+04
   3.8733000e+04
   3.8734000e+04
   3.8735000e+04
   3.8736000e+04
   3.8737000e+04
   3.8738000e+04
   3.8739000e+04
   3.8740000e+04
   3.8741000e+04
   3.8742000e+04
   3.8743000e+04
   3.8744000e+04
   3.8745000e+04
   3.8746000e+04
   3.8747000e+04
   3.8748000e+04
   3.8749000e+04
   3.8750000e+04
   3.8751000e+04
   3.8752000e+04
   3.8753000e+04
   3.8754000e+04
   3.8755000e+04
   3.8756000e+04
   3.8757000e+04
   3.8758000e+04
   3.8759000e+04
   3.8760000e+04
   3.8761000e+04
   3.8762000e+04
   3.8763000e+04
   3.8764000e+04
   3.8765000e+04
   3.8766000e+04
   3.8767000e+04
   3.8768000e+04
   3.8769000e+04
   3.8770000e+04
   3.8771000e+04
   3.8772000e+04
   3.8773000e+04
   3.8774000e+04
   3.8775000e+04
   3.8776000e+04
   3.8777000e+04
   3.8778000e+04
   3.8779000e+04
   3.8780000e+04
   3.8781000e+04
   3.8782000e+04
   3.8783000e+04
   3.8784000e+04
   3.8785000e+04
   3.8786000e+04
   3.8787000e+04
   3.8788000e+04
   3.8789000e+04
   3.8790000e+04
   3.8791000e+04
   3.8792000e+04
   3.8793000e+04
   3.8794000e+04
   3.8795000e+04
   3.8796000e+04
   3.8797000e+04
   3.8798000e+04
   3.8799000e+04
   3.8800000e+04
   3.8801000e+04
   3.8802000e+04
   3.8803000e+04
   3.8804000e+04
   3.8805000e+04
   3.8806000e+04
   3.8807000e+04
   3.8808000e+04
   3.8809000e+04
   3.8810000e+04
   3.8811000e+04
   3.8812000e+04
   3.8813000e+04
   3.8814000e+04
   3.8815000e+04
   3.8816000e+04
   3.8817000e+04
   3.8818000e+04
   3.8819000e+04
   3.8820000e+04
   3.8821000e+04
   3.8822000e+04
   3.8823000e+04
   3.8824000e+04
   3.8825000e+04
   3.8826000e+04
   3.8827000e+04
   3.8828000e+04
   3.8829000e+04
   3.8830000e+04
   3.8831000e+04
   3.8832000e+04
   3.8833000e+04
   3.8834000e+04
   3.8835000e+04
   3.8836000e+04
   3.8837000e+04
   3.8838000e+04
   3.8839000e+04
   3.8840000e+04
   3.8841000e+04
   3.8842000e+04
   3.8843000e+04
   3.8844000e+04
   3.8845000e+04
   3.8846000e+04
   3.8847000e+04
   3.8848000e+04
   3.8849000e+04
   3.8850000e+04
   3.8851000e+04
   3.8852000e+04
   3.8853000e+04
   3.8854000e+04
   3.8855000e+04
   3.8856000e+04
   3.8857000e+04
   3.8858000e+04
   3.8859000e+04
   3.8860000e+04
   3.8861000e+04
   3.8862000e+04
   3.8863000e+04
   3.8864000e+04
   3.8865000e+04
   3.8866000e+04
   3.8867000e+04
   3.8868000e+04
   3.8869000e+04
   3.8870000e+04
   3.8871000e+04
   3.8872000e+04
   3.8873000e+04
   3.8874000e+04
   3.8875000e+04
   3.8876000e+04
   3.8877000e+04
   3.8878000e+04
   3.8879000e+04
   3.8880000e+04
   3.8881000e+04
   3.8882000e+04
   3.8883000e+04
   3.8884000e+04
   3.8885000e+04
   3.8886000e+04
   3.8887000e+04
   3.8888000e+04
   3.8889000e+04
   3.8890000e+04
   3.8891000e+04
   3.8892000e+04
   3.8893000e+04
   3.8894000e+04
   3.8895000e+04
   3.8896000e+04
   3.8897000e+04
   3.8898000e+04
   3.8899000e+04
   3.8900000e+04
   3.8901000e+04
   3.8902000e+04
   3.8903000e+04
   3.8904000e+04
   3.8905000e+04
   3.8906000e+04
   3.8907000e+04
   3.8908000e+04
   3.8909000e+04
   3.8910000e+04
   3.8911000e+04
   3.8912000e+04
   3.8913000e+04
   3.8914000e+04
   3.8915000e+04
   3.8916000e+04
   3.8917000e+04
   3.8918000e+04
   3.8919000e+04
   3.8920000e+04
   3.8921000e+04
   3.8922000e+04
   3.8923000e+04
   3.8924000e+04
   3.8925000e+04
   3.8926000e+04
   3.8927000e+04
   3.8928000e+04
   3.8929000e+04
   3.8930000e+04
   3.8931000e+04
   3.8932000e+04
   3.8933000e+04
   3.8934000e+04
   3.8935000e+04
   3.8936000e+04
   3.8937000e+04
   3.8938000e+04
   3.8939000e+04
   3.8940000e+04
   3.8941000e+04
   3.8942000e+04
   3.8943000e+04
   3.8944000e+04
   3.8945000e+04
   3.8946000e+04
   3.8947000e+04
   3.8948000e+04
   3.8949000e+04
   3.8950000e+04
   3.8951000e+04
   3.8952000e+04
   3.8953000e+04
   3.8954000e+04
   3.8955000e+04
   3.8956000e+04
   3.8957000e+04
   3.8958000e+04
   3.8959000e+04
   3.8960000e+04
   3.8961000e+04
   3.8962000e+04
   3.8963000e+04
   3.8964000e+04
   3.8965000e+04
   3.8966000e+04
   3.8967000e+04
   3.8968000e+04
   3.8969000e+04
   3.8970000e+04
   3.8971000e+04
   3.8972000e+04
   3.8973000e+04
   3.8974000e+04
   3.8975000e+04
   3.8976000e+04
   3.8977000e+04
   3.8978000e+04
   3.8979000e+04
   3.8980000e+04
   3.8981000e+04
   3.8982000e+04
   3.8983000e+04
   3.8984000e+04
   3.8985000e+04
   3.8986000e+04
   3.8987000e+04
   3.8988000e+04
   3.8989000e+04
   3.8990000e+04
   3.8991000e+04
   3.8992000e+04
   3.8993000e+04
   3.8994000e+04
   3.8995000e+04
   3.8996000e+04
   3.8997000e+04
   3.8998000e+04
   3.8999000e+04
   3.9000000e+04
   3.9001000e+04
   3.9002000e+04
   3.9003000e+04
   3.9004000e+04
   3.9005000e+04
   3.9006000e+04
   3.9007000e+04
   3.9008000e+04
   3.9009000e+04
   3.9010000e+04
   3.9011000e+04
   3.9012000e+04
   3.9013000e+04
   3.9014000e+04
   3.9015000e+04
   3.9016000e+04
   3.9017000e+04
   3.9018000e+04
   3.9019000e+04
   3.9020000e+04
   3.9021000e+04
   3.9022000e+04
   3.9023000e+04
   3.9024000e+04
   3.9025000e+04
   3.9026000e+04
   3.9027000e+04
   3.9028000e+04
   3.9029000e+04
   3.9030000e+04
   3.9031000e+04
   3.9032000e+04
   3.9033000e+04
   3.9034000e+04
   3.9035000e+04
   3.9036000e+04
   3.9037000e+04
   3.9038000e+04
   3.9039000e+04
   3.9040000e+04
   3.9041000e+04
   3.9042000e+04
   3.9043000e+04
   3.9044000e+04
   3.9045000e+04
   3.9046000e+04
   3.9047000e+04
   3.9048000e+04
   3.9049000e+04
   3.9050000e+04
   3.9051000e+04
   3.9052000e+04
   3.9053000e+04
   3.9054000e+04
   3.9055000e+04
   3.9056000e+04
   3.9057000e+04
   3.9058000e+04
   3.9059000e+04
   3.9060000e+04
   3.9061000e+04
   3.9062000e+04
   3.9063000e+04
   3.9064000e+04
   3.9065000e+04
   3.9066000e+04
   3.9067000e+04
   3.9068000e+04
   3.9069000e+04
   3.9070000e+04
   3.9071000e+04
   3.9072000e+04
   3.9073000e+04
   3.9074000e+04
   3.9075000e+04
   3.9076000e+04
   3.9077000e+04
   3.9078000e+04
   3.9079000e+04
   3.9080000e+04
   3.9081000e+04
   3.9082000e+04
   3.9083000e+04
   3.9084000e+04
   3.9085000e+04
   3.9086000e+04
   3.9087000e+04
   3.9088000e+04
   3.9089000e+04
   3.9090000e+04
   3.9091000e+04
   3.9092000e+04
   3.9093000e+04
   3.9094000e+04
   3.9095000e+04
   3.9096000e+04
   3.9097000e+04
   3.9098000e+04
   3.9099000e+04
   3.9100000e+04
   3.9101000e+04
   3.9102000e+04
   3.9103000e+04
   3.9104000e+04
   3.9105000e+04
   3.9106000e+04
   3.9107000e+04
   3.9108000e+04
   3.9109000e+04
   3.9110000e+04
   3.9111000e+04
   3.9112000e+04
   3.9113000e+04
   3.9114000e+04
   3.9115000e+04
   3.9116000e+04
   3.9117000e+04
   3.9118000e+04
   3.9119000e+04
   3.9120000e+04
   3.9121000e+04
   3.9122000e+04
   3.9123000e+04
   3.9124000e+04
   3.9125000e+04
   3.9126000e+04
   3.9127000e+04
   3.9128000e+04
   3.9129000e+04
   3.9130000e+04
   3.9131000e+04
   3.9132000e+04
   3.9133000e+04
   3.9134000e+04
   3.9135000e+04
   3.9136000e+04
   3.9137000e+04
   3.9138000e+04
   3.9139000e+04
   3.9140000e+04
   3.9141000e+04
   3.9142000e+04
   3.9143000e+04
   3.9144000e+04
   3.9145000e+04
   3.9146000e+04
   3.9147000e+04
   3.9148000e+04
   3.9149000e+04
   3.9150000e+04
   3.9151000e+04
   3.9152000e+04
   3.9153000e+04
   3.9154000e+04
   3.9155000e+04
   3.9156000e+04
   3.9157000e+04
   3.9158000e+04
   3.9159000e+04
   3.9160000e+04
   3.9161000e+04
   3.9162000e+04
   3.9163000e+04
   3.9164000e+04
   3.9165000e+04
   3.9166000e+04
   3.9167000e+04
   3.9168000e+04
   3.9169000e+04
   3.9170000e+04
   3.9171000e+04
   3.9172000e+04
   3.9173000e+04
   3.9174000e+04
   3.9175000e+04
   3.9176000e+04
   3.9177000e+04
   3.9178000e+04
   3.9179000e+04
   3.9180000e+04
   3.9181000e+04
   3.9182000e+04
   3.9183000e+04
   3.9184000e+04
   3.9185000e+04
   3.9186000e+04
   3.9187000e+04
   3.9188000e+04
   3.9189000e+04
   3.9190000e+04
   3.9191000e+04
   3.9192000e+04
   3.9193000e+04
   3.9194000e+04
   3.9195000e+04
   3.9196000e+04
   3.9197000e+04
   3.9198000e+04
   3.9199000e+04
   3.9200000e+04
   3.9201000e+04
   3.9202000e+04
   3.9203000e+04
   3.9204000e+04
   3.9205000e+04
   3.9206000e+04
   3.9207000e+04
   3.9208000e+04
   3.9209000e+04
   3.9210000e+04
   3.9211000e+04
   3.9212000e+04
   3.9213000e+04
   3.9214000e+04
   3.9215000e+04
   3.9216000e+04
   3.9217000e+04
   3.9218000e+04
   3.9219000e+04
   3.9220000e+04
   3.9221000e+04
   3.9222000e+04
   3.9223000e+04
   3.9224000e+04
   3.9225000e+04
   3.9226000e+04
   3.9227000e+04
   3.9228000e+04
   3.9229000e+04
   3.9230000e+04
   3.9231000e+04
   3.9232000e+04
   3.9233000e+04
   3.9234000e+04
   3.9235000e+04
   3.9236000e+04
   3.9237000e+04
   3.9238000e+04
   3.9239000e+04
   3.9240000e+04
   3.9241000e+04
   3.9242000e+04
   3.9243000e+04
   3.9244000e+04
   3.9245000e+04
   3.9246000e+04
   3.9247000e+04
   3.9248000e+04
   3.9249000e+04
   3.9250000e+04
   3.9251000e+04
   3.9252000e+04
   3.9253000e+04
   3.9254000e+04
   3.9255000e+04
   3.9256000e+04
   3.9257000e+04
   3.9258000e+04
   3.9259000e+04
   3.9260000e+04
   3.9261000e+04
   3.9262000e+04
   3.9263000e+04
   3.9264000e+04
   3.9265000e+04
   3.9266000e+04
   3.9267000e+04
   3.9268000e+04
   3.9269000e+04
   3.9270000e+04
   3.9271000e+04
   3.9272000e+04
   3.9273000e+04
   3.9274000e+04
   3.9275000e+04
   3.9276000e+04
   3.9277000e+04
   3.9278000e+04
   3.9279000e+04
   3.9280000e+04
   3.9281000e+04
   3.9282000e+04
   3.9283000e+04
   3.9284000e+04
   3.9285000e+04
   3.9286000e+04
   3.9287000e+04
   3.9288000e+04
   3.9289000e+04
   3.9290000e+04
   3.9291000e+04
   3.9292000e+04
   3.9293000e+04
   3.9294000e+04
   3.9295000e+04
   3.9296000e+04
   3.9297000e+04
   3.9298000e+04
   3.9299000e+04
   3.9300000e+04
   3.9301000e+04
   3.9302000e+04
   3.9303000e+04
   3.9304000e+04
   3.9305000e+04
   3.9306000e+04
   3.9307000e+04
   3.9308000e+04
   3.9309000e+04
   3.9310000e+04
   3.9311000e+04
   3.9312000e+04
   3.9313000e+04
   3.9314000e+04
   3.9315000e+04
   3.9316000e+04
   3.9317000e+04
   3.9318000e+04
   3.9319000e+04
   3.9320000e+04
   3.9321000e+04
   3.9322000e+04
   3.9323000e+04
   3.9324000e+04
   3.9325000e+04
   3.9326000e+04
   3.9327000e+04
   3.9328000e+04
   3.9329000e+04
   3.9330000e+04
   3.9331000e+04
   3.9332000e+04
   3.9333000e+04
   3.9334000e+04
   3.9335000e+04
   3.9336000e+04
   3.9337000e+04
   3.9338000e+04
   3.9339000e+04
   3.9340000e+04
   3.9341000e+04
   3.9342000e+04
   3.9343000e+04
   3.9344000e+04
   3.9345000e+04
   3.9346000e+04
   3.9347000e+04
   3.9348000e+04
   3.9349000e+04
   3.9350000e+04
   3.9351000e+04
   3.9352000e+04
   3.9353000e+04
   3.9354000e+04
   3.9355000e+04
   3.9356000e+04
   3.9357000e+04
   3.9358000e+04
   3.9359000e+04
   3.9360000e+04
   3.9361000e+04
   3.9362000e+04
   3.9363000e+04
   3.9364000e+04
   3.9365000e+04
   3.9366000e+04
   3.9367000e+04
   3.9368000e+04
   3.9369000e+04
   3.9370000e+04
   3.9371000e+04
   3.9372000e+04
   3.9373000e+04
   3.9374000e+04
   3.9375000e+04
   3.9376000e+04
   3.9377000e+04
   3.9378000e+04
   3.9379000e+04
   3.9380000e+04
   3.9381000e+04
   3.9382000e+04
   3.9383000e+04
   3.9384000e+04
   3.9385000e+04
   3.9386000e+04
   3.9387000e+04
   3.9388000e+04
   3.9389000e+04
   3.9390000e+04
   3.9391000e+04
   3.9392000e+04
   3.9393000e+04
   3.9394000e+04
   3.9395000e+04
   3.9396000e+04
   3.9397000e+04
   3.9398000e+04
   3.9399000e+04
   3.9400000e+04
   3.9401000e+04
   3.9402000e+04
   3.9403000e+04
   3.9404000e+04
   3.9405000e+04
   3.9406000e+04
   3.9407000e+04
   3.9408000e+04
   3.9409000e+04
   3.9410000e+04
   3.9411000e+04
   3.9412000e+04
   3.9413000e+04
   3.9414000e+04
   3.9415000e+04
   3.9416000e+04
   3.9417000e+04
   3.9418000e+04
   3.9419000e+04
   3.9420000e+04
   3.9421000e+04
   3.9422000e+04
   3.9423000e+04
   3.9424000e+04
   3.9425000e+04
   3.9426000e+04
   3.9427000e+04
   3.9428000e+04
   3.9429000e+04
   3.9430000e+04
   3.9431000e+04
   3.9432000e+04
   3.9433000e+04
   3.9434000e+04
   3.9435000e+04
   3.9436000e+04
   3.9437000e+04
   3.9438000e+04
   3.9439000e+04
   3.9440000e+04
   3.9441000e+04
   3.9442000e+04
   3.9443000e+04
   3.9444000e+04
   3.9445000e+04
   3.9446000e+04
   3.9447000e+04
   3.9448000e+04
   3.9449000e+04
   3.9450000e+04
   3.9451000e+04
   3.9452000e+04
   3.9453000e+04
   3.9454000e+04
   3.9455000e+04
   3.9456000e+04
   3.9457000e+04
   3.9458000e+04
   3.9459000e+04
   3.9460000e+04
   3.9461000e+04
   3.9462000e+04
   3.9463000e+04
   3.9464000e+04
   3.9465000e+04
   3.9466000e+04
   3.9467000e+04
   3.9468000e+04
   3.9469000e+04
   3.9470000e+04
   3.9471000e+04
   3.9472000e+04
   3.9473000e+04
   3.9474000e+04
   3.9475000e+04
   3.9476000e+04
   3.9477000e+04
   3.9478000e+04
   3.9479000e+04
   3.9480000e+04
   3.9481000e+04
   3.9482000e+04
   3.9483000e+04
   3.9484000e+04
   3.9485000e+04
   3.9486000e+04
   3.9487000e+04
   3.9488000e+04
   3.9489000e+04
   3.9490000e+04
   3.9491000e+04
   3.9492000e+04
   3.9493000e+04
   3.9494000e+04
   3.9495000e+04
   3.9496000e+04
   3.9497000e+04
   3.9498000e+04
   3.9499000e+04
   3.9500000e+04
   3.9501000e+04
   3.9502000e+04
   3.9503000e+04
   3.9504000e+04
   3.9505000e+04
   3.9506000e+04
   3.9507000e+04
   3.9508000e+04
   3.9509000e+04
   3.9510000e+04
   3.9511000e+04
   3.9512000e+04
   3.9513000e+04
   3.9514000e+04
   3.9515000e+04
   3.9516000e+04
   3.9517000e+04
   3.9518000e+04
   3.9519000e+04
   3.9520000e+04
   3.9521000e+04
   3.9522000e+04
   3.9523000e+04
   3.9524000e+04
   3.9525000e+04
   3.9526000e+04
   3.9527000e+04
   3.9528000e+04
   3.9529000e+04
   3.9530000e+04
   3.9531000e+04
   3.9532000e+04
   3.9533000e+04
   3.9534000e+04
   3.9535000e+04
   3.9536000e+04
   3.9537000e+04
   3.9538000e+04
   3.9539000e+04
   3.9540000e+04
   3.9541000e+04
   3.9542000e+04
   3.9543000e+04
   3.9544000e+04
   3.9545000e+04
   3.9546000e+04
   3.9547000e+04
   3.9548000e+04
   3.9549000e+04
   3.9550000e+04
   3.9551000e+04
   3.9552000e+04
   3.9553000e+04
   3.9554000e+04
   3.9555000e+04
   3.9556000e+04
   3.9557000e+04
   3.9558000e+04
   3.9559000e+04
   3.9560000e+04
   3.9561000e+04
   3.9562000e+04
   3.9563000e+04
   3.9564000e+04
   3.9565000e+04
   3.9566000e+04
   3.9567000e+04
   3.9568000e+04
   3.9569000e+04
   3.9570000e+04
   3.9571000e+04
   3.9572000e+04
   3.9573000e+04
   3.9574000e+04
   3.9575000e+04
   3.9576000e+04
   3.9577000e+04
   3.9578000e+04
   3.9579000e+04
   3.9580000e+04
   3.9581000e+04
   3.9582000e+04
   3.9583000e+04
   3.9584000e+04
   3.9585000e+04
   3.9586000e+04
   3.9587000e+04
   3.9588000e+04
   3.9589000e+04
   3.9590000e+04
   3.9591000e+04
   3.9592000e+04
   3.9593000e+04
   3.9594000e+04
   3.9595000e+04
   3.9596000e+04
   3.9597000e+04
   3.9598000e+04
   3.9599000e+04
   3.9600000e+04
   3.9601000e+04
   3.9602000e+04
   3.9603000e+04
   3.9604000e+04
   3.9605000e+04
   3.9606000e+04
   3.9607000e+04
   3.9608000e+04
   3.9609000e+04
   3.9610000e+04
   3.9611000e+04
   3.9612000e+04
   3.9613000e+04
   3.9614000e+04
   3.9615000e+04
   3.9616000e+04
   3.9617000e+04
   3.9618000e+04
   3.9619000e+04
   3.9620000e+04
   3.9621000e+04
   3.9622000e+04
   3.9623000e+04
   3.9624000e+04
   3.9625000e+04
   3.9626000e+04
   3.9627000e+04
   3.9628000e+04
   3.9629000e+04
   3.9630000e+04
   3.9631000e+04
   3.9632000e+04
   3.9633000e+04
   3.9634000e+04
   3.9635000e+04
   3.9636000e+04
   3.9637000e+04
   3.9638000e+04
   3.9639000e+04
   3.9640000e+04
   3.9641000e+04
   3.9642000e+04
   3.9643000e+04
   3.9644000e+04
   3.9645000e+04
   3.9646000e+04
   3.9647000e+04
   3.9648000e+04
   3.9649000e+04
   3.9650000e+04
   3.9651000e+04
   3.9652000e+04
   3.9653000e+04
   3.9654000e+04
   3.9655000e+04
   3.9656000e+04
   3.9657000e+04
   3.9658000e+04
   3.9659000e+04
   3.9660000e+04
   3.9661000e+04
   3.9662000e+04
   3.9663000e+04
   3.9664000e+04
   3.9665000e+04
   3.9666000e+04
   3.9667000e+04
   3.9668000e+04
   3.9669000e+04
   3.9670000e+04
   3.9671000e+04
   3.9672000e+04
   3.9673000e+04
   3.9674000e+04
   3.9675000e+04
   3.9676000e+04
   3.9677000e+04
   3.9678000e+04
   3.9679000e+04
   3.9680000e+04
   3.9681000e+04
   3.9682000e+04
   3.9683000e+04
   3.9684000e+04
   3.9685000e+04
   3.9686000e+04
   3.9687000e+04
   3.9688000e+04
   3.9689000e+04
   3.9690000e+04
   3.9691000e+04
   3.9692000e+04
   3.9693000e+04
   3.9694000e+04
   3.9695000e+04
   3.9696000e+04
   3.9697000e+04
   3.9698000e+04
   3.9699000e+04
   3.9700000e+04
   3.9701000e+04
   3.9702000e+04
   3.9703000e+04
   3.9704000e+04
   3.9705000e+04
   3.9706000e+04
   3.9707000e+04
   3.9708000e+04
   3.9709000e+04
   3.9710000e+04
   3.9711000e+04
   3.9712000e+04
   3.9713000e+04
   3.9714000e+04
   3.9715000e+04
   3.9716000e+04
   3.9717000e+04
   3.9718000e+04
   3.9719000e+04
   3.9720000e+04
   3.9721000e+04
   3.9722000e+04
   3.9723000e+04
   3.9724000e+04
   3.9725000e+04
   3.9726000e+04
   3.9727000e+04
   3.9728000e+04
   3.9729000e+04
   3.9730000e+04
   3.9731000e+04
   3.9732000e+04
   3.9733000e+04
   3.9734000e+04
   3.9735000e+04
   3.9736000e+04
   3.9737000e+04
   3.9738000e+04
   3.9739000e+04
   3.9740000e+04
   3.9741000e+04
   3.9742000e+04
   3.9743000e+04
   3.9744000e+04
   3.9745000e+04
   3.9746000e+04
   3.9747000e+04
   3.9748000e+04
   3.9749000e+04
   3.9750000e+04
   3.9751000e+04
   3.9752000e+04
   3.9753000e+04
   3.9754000e+04
   3.9755000e+04
   3.9756000e+04
   3.9757000e+04
   3.9758000e+04
   3.9759000e+04
   3.9760000e+04
   3.9761000e+04
   3.9762000e+04
   3.9763000e+04
   3.9764000e+04
   3.9765000e+04
   3.9766000e+04
   3.9767000e+04
   3.9768000e+04
   3.9769000e+04
   3.9770000e+04
   3.9771000e+04
   3.9772000e+04
   3.9773000e+04
   3.9774000e+04
   3.9775000e+04
   3.9776000e+04
   3.9777000e+04
   3.9778000e+04
   3.9779000e+04
   3.9780000e+04
   3.9781000e+04
   3.9782000e+04
   3.9783000e+04
   3.9784000e+04
   3.9785000e+04
   3.9786000e+04
   3.9787000e+04
   3.9788000e+04
   3.9789000e+04
   3.9790000e+04
   3.9791000e+04
   3.9792000e+04
   3.9793000e+04
   3.9794000e+04
   3.9795000e+04
   3.9796000e+04
   3.9797000e+04
   3.9798000e+04
   3.9799000e+04
   3.9800000e+04
   3.9801000e+04
   3.9802000e+04
   3.9803000e+04
   3.9804000e+04
   3.9805000e+04
   3.9806000e+04
   3.9807000e+04
   3.9808000e+04
   3.9809000e+04
   3.9810000e+04
   3.9811000e+04
   3.9812000e+04
   3.9813000e+04
   3.9814000e+04
   3.9815000e+04
   3.9816000e+04
   3.9817000e+04
   3.9818000e+04
   3.9819000e+04
   3.9820000e+04
   3.9821000e+04
   3.9822000e+04
   3.9823000e+04
   3.9824000e+04
   3.9825000e+04
   3.9826000e+04
   3.9827000e+04
   3.9828000e+04
   3.9829000e+04
   3.9830000e+04
   3.9831000e+04
   3.9832000e+04
   3.9833000e+04
   3.9834000e+04
   3.9835000e+04
   3.9836000e+04
   3.9837000e+04
   3.9838000e+04
   3.9839000e+04
   3.9840000e+04
   3.9841000e+04
   3.9842000e+04
   3.9843000e+04
   3.9844000e+04
   3.9845000e+04
   3.9846000e+04
   3.9847000e+04
   3.9848000e+04
   3.9849000e+04
   3.9850000e+04
   3.9851000e+04
   3.9852000e+04
   3.9853000e+04
   3.9854000e+04
   3.9855000e+04
   3.9856000e+04
   3.9857000e+04
   3.9858000e+04
   3.9859000e+04
   3.9860000e+04
   3.9861000e+04
   3.9862000e+04
   3.9863000e+04
   3.9864000e+04
   3.9865000e+04
   3.9866000e+04
   3.9867000e+04
   3.9868000e+04
   3.9869000e+04
   3.9870000e+04
   3.9871000e+04
   3.9872000e+04
   3.9873000e+04
   3.9874000e+04
   3.9875000e+04
   3.9876000e+04
   3.9877000e+04
   3.9878000e+04
   3.9879000e+04
   3.9880000e+04
   3.9881000e+04
   3.9882000e+04
   3.9883000e+04
   3.9884000e+04
   3.9885000e+04
   3.9886000e+04
   3.9887000e+04
   3.9888000e+04
   3.9889000e+04
   3.9890000e+04
   3.9891000e+04
   3.9892000e+04
   3.9893000e+04
   3.9894000e+04
   3.9895000e+04
   3.9896000e+04
   3.9897000e+04
   3.9898000e+04
   3.9899000e+04
   3.9900000e+04
   3.9901000e+04
   3.9902000e+04
   3.9903000e+04
   3.9904000e+04
   3.9905000e+04
   3.9906000e+04
   3.9907000e+04
   3.9908000e+04
   3.9909000e+04
   3.9910000e+04
   3.9911000e+04
   3.9912000e+04
   3.9913000e+04
   3.9914000e+04
   3.9915000e+04
   3.9916000e+04
   3.9917000e+04
   3.9918000e+04
   3.9919000e+04
   3.9920000e+04
   3.9921000e+04
   3.9922000e+04
   3.9923000e+04
   3.9924000e+04
   3.9925000e+04
   3.9926000e+04
   3.9927000e+04
   3.9928000e+04
   3.9929000e+04
   3.9930000e+04
   3.9931000e+04
   3.9932000e+04
   3.9933000e+04
   3.9934000e+04
   3.9935000e+04
   3.9936000e+04
   3.9937000e+04
   3.9938000e+04
   3.9939000e+04
   3.9940000e+04
   3.9941000e+04
   3.9942000e+04
   3.9943000e+04
   3.9944000e+04
   3.9945000e+04
   3.9946000e+04
   3.9947000e+04
   3.9948000e+04
   3.9949000e+04
   3.9950000e+04
   3.9951000e+04
   3.9952000e+04
   3.9953000e+04
   3.9954000e+04
   3.9955000e+04
   3.9956000e+04
   3.9957000e+04
   3.9958000e+04
   3.9959000e+04
   3.9960000e+04
   3.9961000e+04
   3.9962000e+04
   3.9963000e+04
   3.9964000e+04
   3.9965000e+04
   3.9966000e+04
   3.9967000e+04
   3.9968000e+04
   3.9969000e+04
   3.9970000e+04
   3.9971000e+04
   3.9972000e+04
   3.9973000e+04
   3.9974000e+04
   3.9975000e+04
   3.9976000e+04
   3.9977000e+04
   3.9978000e+04
   3.9979000e+04
   3.9980000e+04
   3.9981000e+04
   3.9982000e+04
   3.9983000e+04
   3.9984000e+04
   3.9985000e+04
   3.9986000e+04
   3.9987000e+04
   3.9988000e+04
   3.9989000e+04
   3.9990000e+04
   3.9991000e+04
   3.9992000e+04
   3.9993000e+04
   3.9994000e+04
   3.9995000e+04
   3.9996000e+04
   3.9997000e+04
   3.9998000e+04
   3.9999000e+04
   4.0000000e+04
   4.0001000e+04
   4.0002000e+04
   4.0003000e+04
   4.0004000e+04
   4.0005000e+04
   4.0006000e+04
   4.0007000e+04
   4.0008000e+04
   4.0009000e+04
   4.0010000e+04
   4.0011000e+04
   4.0012000e+04
   4.0013000e+04
   4.0014000e+04
   4.0015000e+04
   4.0016000e+04
   4.0017000e+04
   4.0018000e+04
   4.0019000e+04
   4.0020000e+04
   4.0021000e+04
   4.0022000e+04
   4.0023000e+04
   4.0024000e+04
   4.0025000e+04
   4.0026000e+04
   4.0027000e+04
   4.0028000e+04
   4.0029000e+04
   4.0030000e+04
   4.0031000e+04
   4.0032000e+04
   4.0033000e+04
   4.0034000e+04
   4.0035000e+04
   4.0036000e+04
   4.0037000e+04
   4.0038000e+04
   4.0039000e+04
   4.0040000e+04
   4.0041000e+04
   4.0042000e+04
   4.0043000e+04
   4.0044000e+04
   4.0045000e+04
   4.0046000e+04
   4.0047000e+04
   4.0048000e+04
   4.0049000e+04
   4.0050000e+04
   4.0051000e+04
   4.0052000e+04
   4.0053000e+04
   4.0054000e+04
   4.0055000e+04
   4.0056000e+04
   4.0057000e+04
   4.0058000e+04
   4.0059000e+04
   4.0060000e+04
   4.0061000e+04
   4.0062000e+04
   4.0063000e+04
   4.0064000e+04
   4.0065000e+04
   4.0066000e+04
   4.0067000e+04
   4.0068000e+04
   4.0069000e+04
   4.0070000e+04
   4.0071000e+04
   4.0072000e+04
   4.0073000e+04
   4.0074000e+04
   4.0075000e+04
   4.0076000e+04
   4.0077000e+04
   4.0078000e+04
   4.0079000e+04
   4.0080000e+04
   4.0081000e+04
   4.0082000e+04
   4.0083000e+04
   4.0084000e+04
   4.0085000e+04
   4.0086000e+04
   4.0087000e+04
   4.0088000e+04
   4.0089000e+04
   4.0090000e+04
   4.0091000e+04
   4.0092000e+04
   4.0093000e+04
   4.0094000e+04
   4.0095000e+04
   4.0096000e+04
   4.0097000e+04
   4.0098000e+04
   4.0099000e+04
   4.0100000e+04
   4.0101000e+04
   4.0102000e+04
   4.0103000e+04
   4.0104000e+04
   4.0105000e+04
   4.0106000e+04
   4.0107000e+04
   4.0108000e+04
   4.0109000e+04
   4.0110000e+04
   4.0111000e+04
   4.0112000e+04
   4.0113000e+04
   4.0114000e+04
   4.0115000e+04
   4.0116000e+04
   4.0117000e+04
   4.0118000e+04
   4.0119000e+04
   4.0120000e+04
   4.0121000e+04
   4.0122000e+04
   4.0123000e+04
   4.0124000e+04
   4.0125000e+04
   4.0126000e+04
   4.0127000e+04
   4.0128000e+04
   4.0129000e+04
   4.0130000e+04
   4.0131000e+04
   4.0132000e+04
   4.0133000e+04
   4.0134000e+04
   4.0135000e+04
   4.0136000e+04
   4.0137000e+04
   4.0138000e+04
   4.0139000e+04
   4.0140000e+04
   4.0141000e+04
   4.0142000e+04
   4.0143000e+04
   4.0144000e+04
   4.0145000e+04
   4.0146000e+04
   4.0147000e+04
   4.0148000e+04
   4.0149000e+04
   4.0150000e+04
   4.0151000e+04
   4.0152000e+04
   4.0153000e+04
   4.0154000e+04
   4.0155000e+04
   4.0156000e+04
   4.0157000e+04
   4.0158000e+04
   4.0159000e+04
   4.0160000e+04
   4.0161000e+04
   4.0162000e+04
   4.0163000e+04
   4.0164000e+04
   4.0165000e+04
   4.0166000e+04
   4.0167000e+04
   4.0168000e+04
   4.0169000e+04
   4.0170000e+04
   4.0171000e+04
   4.0172000e+04
   4.0173000e+04
   4.0174000e+04
   4.0175000e+04
   4.0176000e+04
   4.0177000e+04
   4.0178000e+04
   4.0179000e+04
   4.0180000e+04
   4.0181000e+04
   4.0182000e+04
   4.0183000e+04
   4.0184000e+04
   4.0185000e+04
   4.0186000e+04
   4.0187000e+04
   4.0188000e+04
   4.0189000e+04
   4.0190000e+04
   4.0191000e+04
   4.0192000e+04
   4.0193000e+04
   4.0194000e+04
   4.0195000e+04
   4.0196000e+04
   4.0197000e+04
   4.0198000e+04
   4.0199000e+04
   4.0200000e+04
   4.0201000e+04
   4.0202000e+04
   4.0203000e+04
   4.0204000e+04
   4.0205000e+04
   4.0206000e+04
   4.0207000e+04
   4.0208000e+04
   4.0209000e+04
   4.0210000e+04
   4.0211000e+04
   4.0212000e+04
   4.0213000e+04
   4.0214000e+04
   4.0215000e+04
   4.0216000e+04
   4.0217000e+04
   4.0218000e+04
   4.0219000e+04
   4.0220000e+04
   4.0221000e+04
   4.0222000e+04
   4.0223000e+04
   4.0224000e+04
   4.0225000e+04
   4.0226000e+04
   4.0227000e+04
   4.0228000e+04
   4.0229000e+04
   4.0230000e+04
   4.0231000e+04
   4.0232000e+04
   4.0233000e+04
   4.0234000e+04
   4.0235000e+04
   4.0236000e+04
   4.0237000e+04
   4.0238000e+04
   4.0239000e+04
   4.0240000e+04
   4.0241000e+04
   4.0242000e+04
   4.0243000e+04
   4.0244000e+04
   4.0245000e+04
   4.0246000e+04
   4.0247000e+04
   4.0248000e+04
   4.0249000e+04
   4.0250000e+04
   4.0251000e+04
   4.0252000e+04
   4.0253000e+04
   4.0254000e+04
   4.0255000e+04
   4.0256000e+04
   4.0257000e+04
   4.0258000e+04
   4.0259000e+04
   4.0260000e+04
   4.0261000e+04
   4.0262000e+04
   4.0263000e+04
   4.0264000e+04
   4.0265000e+04
   4.0266000e+04
   4.0267000e+04
   4.0268000e+04
   4.0269000e+04
   4.0270000e+04
   4.0271000e+04
   4.0272000e+04
   4.0273000e+04
   4.0274000e+04
   4.0275000e+04
   4.0276000e+04
   4.0277000e+04
   4.0278000e+04
   4.0279000e+04
   4.0280000e+04
   4.0281000e+04
   4.0282000e+04
   4.0283000e+04
   4.0284000e+04
   4.0285000e+04
   4.0286000e+04
   4.0287000e+04
   4.0288000e+04
   4.0289000e+04
   4.0290000e+04
   4.0291000e+04
   4.0292000e+04
   4.0293000e+04
   4.0294000e+04
   4.0295000e+04
   4.0296000e+04
   4.0297000e+04
   4.0298000e+04
   4.0299000e+04
   4.0300000e+04
   4.0301000e+04
   4.0302000e+04
   4.0303000e+04
   4.0304000e+04
   4.0305000e+04
   4.0306000e+04
   4.0307000e+04
   4.0308000e+04
   4.0309000e+04
   4.0310000e+04
   4.0311000e+04
   4.0312000e+04
   4.0313000e+04
   4.0314000e+04
   4.0315000e+04
   4.0316000e+04
   4.0317000e+04
   4.0318000e+04
   4.0319000e+04
   4.0320000e+04
   4.0321000e+04
   4.0322000e+04
   4.0323000e+04
   4.0324000e+04
   4.0325000e+04
   4.0326000e+04
   4.0327000e+04
   4.0328000e+04
   4.0329000e+04
   4.0330000e+04
   4.0331000e+04
   4.0332000e+04
   4.0333000e+04
   4.0334000e+04
   4.0335000e+04
   4.0336000e+04
   4.0337000e+04
   4.0338000e+04
   4.0339000e+04
   4.0340000e+04
   4.0341000e+04
   4.0342000e+04
   4.0343000e+04
   4.0344000e+04
   4.0345000e+04
   4.0346000e+04
   4.0347000e+04
   4.0348000e+04
   4.0349000e+04
   4.0350000e+04
   4.0351000e+04
   4.0352000e+04
   4.0353000e+04
   4.0354000e+04
   4.0355000e+04
   4.0356000e+04
   4.0357000e+04
   4.0358000e+04
   4.0359000e+04
   4.0360000e+04
   4.0361000e+04
   4.0362000e+04
   4.0363000e+04
   4.0364000e+04
   4.0365000e+04
   4.0366000e+04
   4.0367000e+04
   4.0368000e+04
   4.0369000e+04
   4.0370000e+04
   4.0371000e+04
   4.0372000e+04
   4.0373000e+04
   4.0374000e+04
   4.0375000e+04
   4.0376000e+04
   4.0377000e+04
   4.0378000e+04
   4.0379000e+04
   4.0380000e+04
   4.0381000e+04
   4.0382000e+04
   4.0383000e+04
   4.0384000e+04
   4.0385000e+04
   4.0386000e+04
   4.0387000e+04
   4.0388000e+04
   4.0389000e+04
   4.0390000e+04
   4.0391000e+04
   4.0392000e+04
   4.0393000e+04
   4.0394000e+04
   4.0395000e+04
   4.0396000e+04
   4.0397000e+04
   4.0398000e+04
   4.0399000e+04
   4.0400000e+04
   4.0401000e+04
   4.0402000e+04
   4.0403000e+04
   4.0404000e+04
   4.0405000e+04
   4.0406000e+04
   4.0407000e+04
   4.0408000e+04
   4.0409000e+04
   4.0410000e+04
   4.0411000e+04
   4.0412000e+04
   4.0413000e+04
   4.0414000e+04
   4.0415000e+04
   4.0416000e+04
   4.0417000e+04
   4.0418000e+04
   4.0419000e+04
   4.0420000e+04
   4.0421000e+04
   4.0422000e+04
   4.0423000e+04
   4.0424000e+04
   4.0425000e+04
   4.0426000e+04
   4.0427000e+04
   4.0428000e+04
   4.0429000e+04
   4.0430000e+04
   4.0431000e+04
   4.0432000e+04
   4.0433000e+04
   4.0434000e+04
   4.0435000e+04
   4.0436000e+04
   4.0437000e+04
   4.0438000e+04
   4.0439000e+04
   4.0440000e+04
   4.0441000e+04
   4.0442000e+04
   4.0443000e+04
   4.0444000e+04
   4.0445000e+04
   4.0446000e+04
   4.0447000e+04
   4.0448000e+04
   4.0449000e+04
   4.0450000e+04
   4.0451000e+04
   4.0452000e+04
   4.0453000e+04
   4.0454000e+04
   4.0455000e+04
   4.0456000e+04
   4.0457000e+04
   4.0458000e+04
   4.0459000e+04
   4.0460000e+04
   4.0461000e+04
   4.0462000e+04
   4.0463000e+04
   4.0464000e+04
   4.0465000e+04
   4.0466000e+04
   4.0467000e+04
   4.0468000e+04
   4.0469000e+04
   4.0470000e+04
   4.0471000e+04
   4.0472000e+04
   4.0473000e+04
   4.0474000e+04
   4.0475000e+04
   4.0476000e+04
   4.0477000e+04
   4.0478000e+04
   4.0479000e+04
   4.0480000e+04
   4.0481000e+04
   4.0482000e+04
   4.0483000e+04
   4.0484000e+04
   4.0485000e+04
   4.0486000e+04
   4.0487000e+04
   4.0488000e+04
   4.0489000e+04
   4.0490000e+04
   4.0491000e+04
   4.0492000e+04
   4.0493000e+04
   4.0494000e+04
   4.0495000e+04
   4.0496000e+04
   4.0497000e+04
   4.0498000e+04
   4.0499000e+04
   4.0500000e+04
   4.0501000e+04
   4.0502000e+04
   4.0503000e+04
   4.0504000e+04
   4.0505000e+04
   4.0506000e+04
   4.0507000e+04
   4.0508000e+04
   4.0509000e+04
   4.0510000e+04
   4.0511000e+04
   4.0512000e+04
   4.0513000e+04
   4.0514000e+04
   4.0515000e+04
   4.0516000e+04
   4.0517000e+04
   4.0518000e+04
   4.0519000e+04
   4.0520000e+04
   4.0521000e+04
   4.0522000e+04
   4.0523000e+04
   4.0524000e+04
   4.0525000e+04
   4.0526000e+04
   4.0527000e+04
   4.0528000e+04
   4.0529000e+04
   4.0530000e+04
   4.0531000e+04
   4.0532000e+04
   4.0533000e+04
   4.0534000e+04
   4.0535000e+04
   4.0536000e+04
   4.0537000e+04
   4.0538000e+04
   4.0539000e+04
   4.0540000e+04
   4.0541000e+04
   4.0542000e+04
   4.0543000e+04
   4.0544000e+04
   4.0545000e+04
   4.0546000e+04
   4.0547000e+04
   4.0548000e+04
   4.0549000e+04
   4.0550000e+04
   4.0551000e+04
   4.0552000e+04
   4.0553000e+04
   4.0554000e+04
   4.0555000e+04
   4.0556000e+04
   4.0557000e+04
   4.0558000e+04
   4.0559000e+04
   4.0560000e+04
   4.0561000e+04
   4.0562000e+04
   4.0563000e+04
   4.0564000e+04
   4.0565000e+04
   4.0566000e+04
   4.0567000e+04
   4.0568000e+04
   4.0569000e+04
   4.0570000e+04
   4.0571000e+04
   4.0572000e+04
   4.0573000e+04
   4.0574000e+04
   4.0575000e+04
   4.0576000e+04
   4.0577000e+04
   4.0578000e+04
   4.0579000e+04
   4.0580000e+04
   4.0581000e+04
   4.0582000e+04
   4.0583000e+04
   4.0584000e+04
   4.0585000e+04
   4.0586000e+04
   4.0587000e+04
   4.0588000e+04
   4.0589000e+04
   4.0590000e+04
   4.0591000e+04
   4.0592000e+04
   4.0593000e+04
   4.0594000e+04
   4.0595000e+04
   4.0596000e+04
   4.0597000e+04
   4.0598000e+04
   4.0599000e+04
   4.0600000e+04
   4.0601000e+04
   4.0602000e+04
   4.0603000e+04
   4.0604000e+04
   4.0605000e+04
   4.0606000e+04
   4.0607000e+04
   4.0608000e+04
   4.0609000e+04
   4.0610000e+04
   4.0611000e+04
   4.0612000e+04
   4.0613000e+04
   4.0614000e+04
   4.0615000e+04
   4.0616000e+04
   4.0617000e+04
   4.0618000e+04
   4.0619000e+04
   4.0620000e+04
   4.0621000e+04
   4.0622000e+04
   4.0623000e+04
   4.0624000e+04
   4.0625000e+04
   4.0626000e+04
   4.0627000e+04
   4.0628000e+04
   4.0629000e+04
   4.0630000e+04
   4.0631000e+04
   4.0632000e+04
   4.0633000e+04
   4.0634000e+04
   4.0635000e+04
   4.0636000e+04
   4.0637000e+04
   4.0638000e+04
   4.0639000e+04
   4.0640000e+04
   4.0641000e+04
   4.0642000e+04
   4.0643000e+04
   4.0644000e+04
   4.0645000e+04
   4.0646000e+04
   4.0647000e+04
   4.0648000e+04
   4.0649000e+04
   4.0650000e+04
   4.0651000e+04
   4.0652000e+04
   4.0653000e+04
   4.0654000e+04
   4.0655000e+04
   4.0656000e+04
   4.0657000e+04
   4.0658000e+04
   4.0659000e+04
   4.0660000e+04
   4.0661000e+04
   4.0662000e+04
   4.0663000e+04
   4.0664000e+04
   4.0665000e+04
   4.0666000e+04
   4.0667000e+04
   4.0668000e+04
   4.0669000e+04
   4.0670000e+04
   4.0671000e+04
   4.0672000e+04
   4.0673000e+04
   4.0674000e+04
   4.0675000e+04
   4.0676000e+04
   4.0677000e+04
   4.0678000e+04
   4.0679000e+04
   4.0680000e+04
   4.0681000e+04
   4.0682000e+04
   4.0683000e+04
   4.0684000e+04
   4.0685000e+04
   4.0686000e+04
   4.0687000e+04
   4.0688000e+04
   4.0689000e+04
   4.0690000e+04
   4.0691000e+04
   4.0692000e+04
   4.0693000e+04
   4.0694000e+04
   4.0695000e+04
   4.0696000e+04
   4.0697000e+04
   4.0698000e+04
   4.0699000e+04
   4.0700000e+04
   4.0701000e+04
   4.0702000e+04
   4.0703000e+04
   4.0704000e+04
   4.0705000e+04
   4.0706000e+04
   4.0707000e+04
   4.0708000e+04
   4.0709000e+04
   4.0710000e+04
   4.0711000e+04
   4.0712000e+04
   4.0713000e+04
   4.0714000e+04
   4.0715000e+04
   4.0716000e+04
   4.0717000e+04
   4.0718000e+04
   4.0719000e+04
   4.0720000e+04
   4.0721000e+04
   4.0722000e+04
   4.0723000e+04
   4.0724000e+04
   4.0725000e+04
   4.0726000e+04
   4.0727000e+04
   4.0728000e+04
   4.0729000e+04
   4.0730000e+04
   4.0731000e+04
   4.0732000e+04
   4.0733000e+04
   4.0734000e+04
   4.0735000e+04
   4.0736000e+04
   4.0737000e+04
   4.0738000e+04
   4.0739000e+04
   4.0740000e+04
   4.0741000e+04
   4.0742000e+04
   4.0743000e+04
   4.0744000e+04
   4.0745000e+04
   4.0746000e+04
   4.0747000e+04
   4.0748000e+04
   4.0749000e+04
   4.0750000e+04
   4.0751000e+04
   4.0752000e+04
   4.0753000e+04
   4.0754000e+04
   4.0755000e+04
   4.0756000e+04
   4.0757000e+04
   4.0758000e+04
   4.0759000e+04
   4.0760000e+04
   4.0761000e+04
   4.0762000e+04
   4.0763000e+04
   4.0764000e+04
   4.0765000e+04
   4.0766000e+04
   4.0767000e+04
   4.0768000e+04
   4.0769000e+04
   4.0770000e+04
   4.0771000e+04
   4.0772000e+04
   4.0773000e+04
   4.0774000e+04
   4.0775000e+04
   4.0776000e+04
   4.0777000e+04
   4.0778000e+04
   4.0779000e+04
   4.0780000e+04
   4.0781000e+04
   4.0782000e+04
   4.0783000e+04
   4.0784000e+04
   4.0785000e+04
   4.0786000e+04
   4.0787000e+04
   4.0788000e+04
   4.0789000e+04
   4.0790000e+04
   4.0791000e+04
   4.0792000e+04
   4.0793000e+04
   4.0794000e+04
   4.0795000e+04
   4.0796000e+04
   4.0797000e+04
   4.0798000e+04
   4.0799000e+04
   4.0800000e+04
   4.0801000e+04
   4.0802000e+04
   4.0803000e+04
   4.0804000e+04
   4.0805000e+04
   4.0806000e+04
   4.0807000e+04
   4.0808000e+04
   4.0809000e+04
   4.0810000e+04
   4.0811000e+04
   4.0812000e+04
   4.0813000e+04
   4.0814000e+04
   4.0815000e+04
   4.0816000e+04
   4.0817000e+04
   4.0818000e+04
   4.0819000e+04
   4.0820000e+04
   4.0821000e+04
   4.0822000e+04
   4.0823000e+04
   4.0824000e+04
   4.0825000e+04
   4.0826000e+04
   4.0827000e+04
   4.0828000e+04
   4.0829000e+04
   4.0830000e+04
   4.0831000e+04
   4.0832000e+04
   4.0833000e+04
   4.0834000e+04
   4.0835000e+04
   4.0836000e+04
   4.0837000e+04
   4.0838000e+04
   4.0839000e+04
   4.0840000e+04
   4.0841000e+04
   4.0842000e+04
   4.0843000e+04
   4.0844000e+04
   4.0845000e+04
   4.0846000e+04
   4.0847000e+04
   4.0848000e+04
   4.0849000e+04
   4.0850000e+04
   4.0851000e+04
   4.0852000e+04
   4.0853000e+04
   4.0854000e+04
   4.0855000e+04
   4.0856000e+04
   4.0857000e+04
   4.0858000e+04
   4.0859000e+04
   4.0860000e+04
   4.0861000e+04
   4.0862000e+04
   4.0863000e+04
   4.0864000e+04
   4.0865000e+04
   4.0866000e+04
   4.0867000e+04
   4.0868000e+04
   4.0869000e+04
   4.0870000e+04
   4.0871000e+04
   4.0872000e+04
   4.0873000e+04
   4.0874000e+04
   4.0875000e+04
   4.0876000e+04
   4.0877000e+04
   4.0878000e+04
   4.0879000e+04
   4.0880000e+04
   4.0881000e+04
   4.0882000e+04
   4.0883000e+04
   4.0884000e+04
   4.0885000e+04
   4.0886000e+04
   4.0887000e+04
   4.0888000e+04
   4.0889000e+04
   4.0890000e+04
   4.0891000e+04
   4.0892000e+04
   4.0893000e+04
   4.0894000e+04
   4.0895000e+04
   4.0896000e+04
   4.0897000e+04
   4.0898000e+04
   4.0899000e+04
   4.0900000e+04
   4.0901000e+04
   4.0902000e+04
   4.0903000e+04
   4.0904000e+04
   4.0905000e+04
   4.0906000e+04
   4.0907000e+04
   4.0908000e+04
   4.0909000e+04
   4.0910000e+04
   4.0911000e+04
   4.0912000e+04
   4.0913000e+04
   4.0914000e+04
   4.0915000e+04
   4.0916000e+04
   4.0917000e+04
   4.0918000e+04
   4.0919000e+04
   4.0920000e+04
   4.0921000e+04
   4.0922000e+04
   4.0923000e+04
   4.0924000e+04
   4.0925000e+04
   4.0926000e+04
   4.0927000e+04
   4.0928000e+04
   4.0929000e+04
   4.0930000e+04
   4.0931000e+04
   4.0932000e+04
   4.0933000e+04
   4.0934000e+04
   4.0935000e+04
   4.0936000e+04
   4.0937000e+04
   4.0938000e+04
   4.0939000e+04
   4.0940000e+04
   4.0941000e+04
   4.0942000e+04
   4.0943000e+04
   4.0944000e+04
   4.0945000e+04
   4.0946000e+04
   4.0947000e+04
   4.0948000e+04
   4.0949000e+04
   4.0950000e+04
   4.0951000e+04
   4.0952000e+04
   4.0953000e+04
   4.0954000e+04
   4.0955000e+04
   4.0956000e+04
   4.0957000e+04
   4.0958000e+04
   4.0959000e+04
   4.0960000e+04
   4.0961000e+04
   4.0962000e+04
   4.0963000e+04
   4.0964000e+04
   4.0965000e+04
   4.0966000e+04
   4.0967000e+04
   4.0968000e+04
   4.0969000e+04
   4.0970000e+04
   4.0971000e+04
   4.0972000e+04
   4.0973000e+04
   4.0974000e+04
   4.0975000e+04
   4.0976000e+04
   4.0977000e+04
   4.0978000e+04
   4.0979000e+04
   4.0980000e+04
   4.0981000e+04
   4.0982000e+04
   4.0983000e+04
   4.0984000e+04
   4.0985000e+04
   4.0986000e+04
   4.0987000e+04
   4.0988000e+04
   4.0989000e+04
   4.0990000e+04
   4.0991000e+04
   4.0992000e+04
   4.0993000e+04
   4.0994000e+04
   4.0995000e+04
   4.0996000e+04
   4.0997000e+04
   4.0998000e+04
   4.0999000e+04
   4.1000000e+04
   4.1001000e+04
   4.1002000e+04
   4.1003000e+04
   4.1004000e+04
   4.1005000e+04
   4.1006000e+04
   4.1007000e+04
   4.1008000e+04
   4.1009000e+04
   4.1010000e+04
   4.1011000e+04
   4.1012000e+04
   4.1013000e+04
   4.1014000e+04
   4.1015000e+04
   4.1016000e+04
   4.1017000e+04
   4.1018000e+04
   4.1019000e+04
   4.1020000e+04
   4.1021000e+04
   4.1022000e+04
   4.1023000e+04
   4.1024000e+04
   4.1025000e+04
   4.1026000e+04
   4.1027000e+04
   4.1028000e+04
   4.1029000e+04
   4.1030000e+04
   4.1031000e+04
   4.1032000e+04
   4.1033000e+04
   4.1034000e+04
   4.1035000e+04
   4.1036000e+04
   4.1037000e+04
   4.1038000e+04
   4.1039000e+04
   4.1040000e+04
   4.1041000e+04
   4.1042000e+04
   4.1043000e+04
   4.1044000e+04
   4.1045000e+04
   4.1046000e+04
   4.1047000e+04
   4.1048000e+04
   4.1049000e+04
   4.1050000e+04
   4.1051000e+04
   4.1052000e+04
   4.1053000e+04
   4.1054000e+04
   4.1055000e+04
   4.1056000e+04
   4.1057000e+04
   4.1058000e+04
   4.1059000e+04
   4.1060000e+04
   4.1061000e+04
   4.1062000e+04
   4.1063000e+04
   4.1064000e+04
   4.1065000e+04
   4.1066000e+04
   4.1067000e+04
   4.1068000e+04
   4.1069000e+04
   4.1070000e+04
   4.1071000e+04
   4.1072000e+04
   4.1073000e+04
   4.1074000e+04
   4.1075000e+04
   4.1076000e+04
   4.1077000e+04
   4.1078000e+04
   4.1079000e+04
   4.1080000e+04
   4.1081000e+04
   4.1082000e+04
   4.1083000e+04
   4.1084000e+04
   4.1085000e+04
   4.1086000e+04
   4.1087000e+04
   4.1088000e+04
   4.1089000e+04
   4.1090000e+04
   4.1091000e+04
   4.1092000e+04
   4.1093000e+04
   4.1094000e+04
   4.1095000e+04
   4.1096000e+04
   4.1097000e+04
   4.1098000e+04
   4.1099000e+04
   4.1100000e+04
   4.1101000e+04
   4.1102000e+04
   4.1103000e+04
   4.1104000e+04
   4.1105000e+04
   4.1106000e+04
   4.1107000e+04
   4.1108000e+04
   4.1109000e+04
   4.1110000e+04
   4.1111000e+04
   4.1112000e+04
   4.1113000e+04
   4.1114000e+04
   4.1115000e+04
   4.1116000e+04
   4.1117000e+04
   4.1118000e+04
   4.1119000e+04
   4.1120000e+04
   4.1121000e+04
   4.1122000e+04
   4.1123000e+04
   4.1124000e+04
   4.1125000e+04
   4.1126000e+04
   4.1127000e+04
   4.1128000e+04
   4.1129000e+04
   4.1130000e+04
   4.1131000e+04
   4.1132000e+04
   4.1133000e+04
   4.1134000e+04
   4.1135000e+04
   4.1136000e+04
   4.1137000e+04
   4.1138000e+04
   4.1139000e+04
   4.1140000e+04
   4.1141000e+04
   4.1142000e+04
   4.1143000e+04
   4.1144000e+04
   4.1145000e+04
   4.1146000e+04
   4.1147000e+04
   4.1148000e+04
   4.1149000e+04
   4.1150000e+04
   4.1151000e+04
   4.1152000e+04
   4.1153000e+04
   4.1154000e+04
   4.1155000e+04
   4.1156000e+04
   4.1157000e+04
   4.1158000e+04
   4.1159000e+04
   4.1160000e+04
   4.1161000e+04
   4.1162000e+04
   4.1163000e+04
   4.1164000e+04
   4.1165000e+04
   4.1166000e+04
   4.1167000e+04
   4.1168000e+04
   4.1169000e+04
   4.1170000e+04
   4.1171000e+04
   4.1172000e+04
   4.1173000e+04
   4.1174000e+04
   4.1175000e+04
   4.1176000e+04
   4.1177000e+04
   4.1178000e+04
   4.1179000e+04
   4.1180000e+04
   4.1181000e+04
   4.1182000e+04
   4.1183000e+04
   4.1184000e+04
   4.1185000e+04
   4.1186000e+04
   4.1187000e+04
   4.1188000e+04
   4.1189000e+04
   4.1190000e+04
   4.1191000e+04
   4.1192000e+04
   4.1193000e+04
   4.1194000e+04
   4.1195000e+04
   4.1196000e+04
   4.1197000e+04
   4.1198000e+04
   4.1199000e+04
   4.1200000e+04
   4.1201000e+04
   4.1202000e+04
   4.1203000e+04
   4.1204000e+04
   4.1205000e+04
   4.1206000e+04
   4.1207000e+04
   4.1208000e+04
   4.1209000e+04
   4.1210000e+04
   4.1211000e+04
   4.1212000e+04
   4.1213000e+04
   4.1214000e+04
   4.1215000e+04
   4.1216000e+04
   4.1217000e+04
   4.1218000e+04
   4.1219000e+04
   4.1220000e+04
   4.1221000e+04
   4.1222000e+04
   4.1223000e+04
   4.1224000e+04
   4.1225000e+04
   4.1226000e+04
   4.1227000e+04
   4.1228000e+04
   4.1229000e+04
   4.1230000e+04
   4.1231000e+04
   4.1232000e+04
   4.1233000e+04
   4.1234000e+04
   4.1235000e+04
   4.1236000e+04
   4.1237000e+04
   4.1238000e+04
   4.1239000e+04
   4.1240000e+04
   4.1241000e+04
   4.1242000e+04
   4.1243000e+04
   4.1244000e+04
   4.1245000e+04
   4.1246000e+04
   4.1247000e+04
   4.1248000e+04
   4.1249000e+04
   4.1250000e+04
   4.1251000e+04
   4.1252000e+04
   4.1253000e+04
   4.1254000e+04
   4.1255000e+04
   4.1256000e+04
   4.1257000e+04
   4.1258000e+04
   4.1259000e+04
   4.1260000e+04
   4.1261000e+04
   4.1262000e+04
   4.1263000e+04
   4.1264000e+04
   4.1265000e+04
   4.1266000e+04
   4.1267000e+04
   4.1268000e+04
   4.1269000e+04
   4.1270000e+04
   4.1271000e+04
   4.1272000e+04
   4.1273000e+04
   4.1274000e+04
   4.1275000e+04
   4.1276000e+04
   4.1277000e+04
   4.1278000e+04
   4.1279000e+04
   4.1280000e+04
   4.1281000e+04
   4.1282000e+04
   4.1283000e+04
   4.1284000e+04
   4.1285000e+04
   4.1286000e+04
   4.1287000e+04
   4.1288000e+04
   4.1289000e+04
   4.1290000e+04
   4.1291000e+04
   4.1292000e+04
   4.1293000e+04
   4.1294000e+04
   4.1295000e+04
   4.1296000e+04
   4.1297000e+04
   4.1298000e+04
   4.1299000e+04
   4.1300000e+04
   4.1301000e+04
   4.1302000e+04
   4.1303000e+04
   4.1304000e+04
   4.1305000e+04
   4.1306000e+04
   4.1307000e+04
   4.1308000e+04
   4.1309000e+04
   4.1310000e+04
   4.1311000e+04
   4.1312000e+04
   4.1313000e+04
   4.1314000e+04
   4.1315000e+04
   4.1316000e+04
   4.1317000e+04
   4.1318000e+04
   4.1319000e+04
   4.1320000e+04
   4.1321000e+04
   4.1322000e+04
   4.1323000e+04
   4.1324000e+04
   4.1325000e+04
   4.1326000e+04
   4.1327000e+04
   4.1328000e+04
   4.1329000e+04
   4.1330000e+04
   4.1331000e+04
   4.1332000e+04
   4.1333000e+04
   4.1334000e+04
   4.1335000e+04
   4.1336000e+04
   4.1337000e+04
   4.1338000e+04
   4.1339000e+04
   4.1340000e+04
   4.1341000e+04
   4.1342000e+04
   4.1343000e+04
   4.1344000e+04
   4.1345000e+04
   4.1346000e+04
   4.1347000e+04
   4.1348000e+04
   4.1349000e+04
   4.1350000e+04
   4.1351000e+04
   4.1352000e+04
   4.1353000e+04
   4.1354000e+04
   4.1355000e+04
   4.1356000e+04
   4.1357000e+04
   4.1358000e+04
   4.1359000e+04
   4.1360000e+04
   4.1361000e+04
   4.1362000e+04
   4.1363000e+04
   4.1364000e+04
   4.1365000e+04
   4.1366000e+04
   4.1367000e+04
   4.1368000e+04
   4.1369000e+04
   4.1370000e+04
   4.1371000e+04
   4.1372000e+04
   4.1373000e+04
   4.1374000e+04
   4.1375000e+04
   4.1376000e+04
   4.1377000e+04
   4.1378000e+04
   4.1379000e+04
   4.1380000e+04
   4.1381000e+04
   4.1382000e+04
   4.1383000e+04
   4.1384000e+04
   4.1385000e+04
   4.1386000e+04
   4.1387000e+04
   4.1388000e+04
   4.1389000e+04
   4.1390000e+04
   4.1391000e+04
   4.1392000e+04
   4.1393000e+04
   4.1394000e+04
   4.1395000e+04
   4.1396000e+04
   4.1397000e+04
   4.1398000e+04
   4.1399000e+04
   4.1400000e+04
   4.1401000e+04
   4.1402000e+04
   4.1403000e+04
   4.1404000e+04
   4.1405000e+04
   4.1406000e+04
   4.1407000e+04
   4.1408000e+04
   4.1409000e+04
   4.1410000e+04
   4.1411000e+04
   4.1412000e+04
   4.1413000e+04
   4.1414000e+04
   4.1415000e+04
   4.1416000e+04
   4.1417000e+04
   4.1418000e+04
   4.1419000e+04
   4.1420000e+04
   4.1421000e+04
   4.1422000e+04
   4.1423000e+04
   4.1424000e+04
   4.1425000e+04
   4.1426000e+04
   4.1427000e+04
   4.1428000e+04
   4.1429000e+04
   4.1430000e+04
   4.1431000e+04
   4.1432000e+04
   4.1433000e+04
   4.1434000e+04
   4.1435000e+04
   4.1436000e+04
   4.1437000e+04
   4.1438000e+04
   4.1439000e+04
   4.1440000e+04
   4.1441000e+04
   4.1442000e+04
   4.1443000e+04
   4.1444000e+04
   4.1445000e+04
   4.1446000e+04
   4.1447000e+04
   4.1448000e+04
   4.1449000e+04
   4.1450000e+04
   4.1451000e+04
   4.1452000e+04
   4.1453000e+04
   4.1454000e+04
   4.1455000e+04
   4.1456000e+04
   4.1457000e+04
   4.1458000e+04
   4.1459000e+04
   4.1460000e+04
   4.1461000e+04
   4.1462000e+04
   4.1463000e+04
   4.1464000e+04
   4.1465000e+04
   4.1466000e+04
   4.1467000e+04
   4.1468000e+04
   4.1469000e+04
   4.1470000e+04
   4.1471000e+04
   4.1472000e+04
   4.1473000e+04
   4.1474000e+04
   4.1475000e+04
   4.1476000e+04
   4.1477000e+04
   4.1478000e+04
   4.1479000e+04
   4.1480000e+04
   4.1481000e+04
   4.1482000e+04
   4.1483000e+04
   4.1484000e+04
   4.1485000e+04
   4.1486000e+04
   4.1487000e+04
   4.1488000e+04
   4.1489000e+04
   4.1490000e+04
   4.1491000e+04
   4.1492000e+04
   4.1493000e+04
   4.1494000e+04
   4.1495000e+04
   4.1496000e+04
   4.1497000e+04
   4.1498000e+04
   4.1499000e+04
   4.1500000e+04
   4.1501000e+04
   4.1502000e+04
   4.1503000e+04
   4.1504000e+04
   4.1505000e+04
   4.1506000e+04
   4.1507000e+04
   4.1508000e+04
   4.1509000e+04
   4.1510000e+04
   4.1511000e+04
   4.1512000e+04
   4.1513000e+04
   4.1514000e+04
   4.1515000e+04
   4.1516000e+04
   4.1517000e+04
   4.1518000e+04
   4.1519000e+04
   4.1520000e+04
   4.1521000e+04
   4.1522000e+04
   4.1523000e+04
   4.1524000e+04
   4.1525000e+04
   4.1526000e+04
   4.1527000e+04
   4.1528000e+04
   4.1529000e+04
   4.1530000e+04
   4.1531000e+04
   4.1532000e+04
   4.1533000e+04
   4.1534000e+04
   4.1535000e+04
   4.1536000e+04
   4.1537000e+04
   4.1538000e+04
   4.1539000e+04
   4.1540000e+04
   4.1541000e+04
   4.1542000e+04
   4.1543000e+04
   4.1544000e+04
   4.1545000e+04
   4.1546000e+04
   4.1547000e+04
   4.1548000e+04
   4.1549000e+04
   4.1550000e+04
   4.1551000e+04
   4.1552000e+04
   4.1553000e+04
   4.1554000e+04
   4.1555000e+04
   4.1556000e+04
   4.1557000e+04
   4.1558000e+04
   4.1559000e+04
   4.1560000e+04
   4.1561000e+04
   4.1562000e+04
   4.1563000e+04
   4.1564000e+04
   4.1565000e+04
   4.1566000e+04
   4.1567000e+04
   4.1568000e+04
   4.1569000e+04
   4.1570000e+04
   4.1571000e+04
   4.1572000e+04
   4.1573000e+04
   4.1574000e+04
   4.1575000e+04
   4.1576000e+04
   4.1577000e+04
   4.1578000e+04
   4.1579000e+04
   4.1580000e+04
   4.1581000e+04
   4.1582000e+04
   4.1583000e+04
   4.1584000e+04
   4.1585000e+04
   4.1586000e+04
   4.1587000e+04
   4.1588000e+04
   4.1589000e+04
   4.1590000e+04
   4.1591000e+04
   4.1592000e+04
   4.1593000e+04
   4.1594000e+04
   4.1595000e+04
   4.1596000e+04
   4.1597000e+04
   4.1598000e+04
   4.1599000e+04
   4.1600000e+04
   4.1601000e+04
   4.1602000e+04
   4.1603000e+04
   4.1604000e+04
   4.1605000e+04
   4.1606000e+04
   4.1607000e+04
   4.1608000e+04
   4.1609000e+04
   4.1610000e+04
   4.1611000e+04
   4.1612000e+04
   4.1613000e+04
   4.1614000e+04
   4.1615000e+04
   4.1616000e+04
   4.1617000e+04
   4.1618000e+04
   4.1619000e+04
   4.1620000e+04
   4.1621000e+04
   4.1622000e+04
   4.1623000e+04
   4.1624000e+04
   4.1625000e+04
   4.1626000e+04
   4.1627000e+04
   4.1628000e+04
   4.1629000e+04
   4.1630000e+04
   4.1631000e+04
   4.1632000e+04
   4.1633000e+04
   4.1634000e+04
   4.1635000e+04
   4.1636000e+04
   4.1637000e+04
   4.1638000e+04
   4.1639000e+04
   4.1640000e+04
   4.1641000e+04
   4.1642000e+04
   4.1643000e+04
   4.1644000e+04
   4.1645000e+04
   4.1646000e+04
   4.1647000e+04
   4.1648000e+04
   4.1649000e+04
   4.1650000e+04
   4.1651000e+04
   4.1652000e+04
   4.1653000e+04
   4.1654000e+04
   4.1655000e+04
   4.1656000e+04
   4.1657000e+04
   4.1658000e+04
   4.1659000e+04
   4.1660000e+04
   4.1661000e+04
   4.1662000e+04
   4.1663000e+04
   4.1664000e+04
   4.1665000e+04
   4.1666000e+04
   4.1667000e+04
   4.1668000e+04
   4.1669000e+04
   4.1670000e+04
   4.1671000e+04
   4.1672000e+04
   4.1673000e+04
   4.1674000e+04
   4.1675000e+04
   4.1676000e+04
   4.1677000e+04
   4.1678000e+04
   4.1679000e+04
   4.1680000e+04
   4.1681000e+04
   4.1682000e+04
   4.1683000e+04
   4.1684000e+04
   4.1685000e+04
   4.1686000e+04
   4.1687000e+04
   4.1688000e+04
   4.1689000e+04
   4.1690000e+04
   4.1691000e+04
   4.1692000e+04
   4.1693000e+04
   4.1694000e+04
   4.1695000e+04
   4.1696000e+04
   4.1697000e+04
   4.1698000e+04
   4.1699000e+04
   4.1700000e+04
   4.1701000e+04
   4.1702000e+04
   4.1703000e+04
   4.1704000e+04
   4.1705000e+04
   4.1706000e+04
   4.1707000e+04
   4.1708000e+04
   4.1709000e+04
   4.1710000e+04
   4.1711000e+04
   4.1712000e+04
   4.1713000e+04
   4.1714000e+04
   4.1715000e+04
   4.1716000e+04
   4.1717000e+04
   4.1718000e+04
   4.1719000e+04
   4.1720000e+04
   4.1721000e+04
   4.1722000e+04
   4.1723000e+04
   4.1724000e+04
   4.1725000e+04
   4.1726000e+04
   4.1727000e+04
   4.1728000e+04
   4.1729000e+04
   4.1730000e+04
   4.1731000e+04
   4.1732000e+04
   4.1733000e+04
   4.1734000e+04
   4.1735000e+04
   4.1736000e+04
   4.1737000e+04
   4.1738000e+04
   4.1739000e+04
   4.1740000e+04
   4.1741000e+04
   4.1742000e+04
   4.1743000e+04
   4.1744000e+04
   4.1745000e+04
   4.1746000e+04
   4.1747000e+04
   4.1748000e+04
   4.1749000e+04
   4.1750000e+04
   4.1751000e+04
   4.1752000e+04
   4.1753000e+04
   4.1754000e+04
   4.1755000e+04
   4.1756000e+04
   4.1757000e+04
   4.1758000e+04
   4.1759000e+04
   4.1760000e+04
   4.1761000e+04
   4.1762000e+04
   4.1763000e+04
   4.1764000e+04
   4.1765000e+04
   4.1766000e+04
   4.1767000e+04
   4.1768000e+04
   4.1769000e+04
   4.1770000e+04
   4.1771000e+04
   4.1772000e+04
   4.1773000e+04
   4.1774000e+04
   4.1775000e+04
   4.1776000e+04
   4.1777000e+04
   4.1778000e+04
   4.1779000e+04
   4.1780000e+04
   4.1781000e+04
   4.1782000e+04
   4.1783000e+04
   4.1784000e+04
   4.1785000e+04
   4.1786000e+04
   4.1787000e+04
   4.1788000e+04
   4.1789000e+04
   4.1790000e+04
   4.1791000e+04
   4.1792000e+04
   4.1793000e+04
   4.1794000e+04
   4.1795000e+04
   4.1796000e+04
   4.1797000e+04
   4.1798000e+04
   4.1799000e+04
   4.1800000e+04
   4.1801000e+04
   4.1802000e+04
   4.1803000e+04
   4.1804000e+04
   4.1805000e+04
   4.1806000e+04
   4.1807000e+04
   4.1808000e+04
   4.1809000e+04
   4.1810000e+04
   4.1811000e+04
   4.1812000e+04
   4.1813000e+04
   4.1814000e+04
   4.1815000e+04
   4.1816000e+04
   4.1817000e+04
   4.1818000e+04
   4.1819000e+04
   4.1820000e+04
   4.1821000e+04
   4.1822000e+04
   4.1823000e+04
   4.1824000e+04
   4.1825000e+04
   4.1826000e+04
   4.1827000e+04
   4.1828000e+04
   4.1829000e+04
   4.1830000e+04
   4.1831000e+04
   4.1832000e+04
   4.1833000e+04
   4.1834000e+04
   4.1835000e+04
   4.1836000e+04
   4.1837000e+04
   4.1838000e+04
   4.1839000e+04
   4.1840000e+04
   4.1841000e+04
   4.1842000e+04
   4.1843000e+04
   4.1844000e+04
   4.1845000e+04
   4.1846000e+04
   4.1847000e+04
   4.1848000e+04
   4.1849000e+04
   4.1850000e+04
   4.1851000e+04
   4.1852000e+04
   4.1853000e+04
   4.1854000e+04
   4.1855000e+04
   4.1856000e+04
   4.1857000e+04
   4.1858000e+04
   4.1859000e+04
   4.1860000e+04
   4.1861000e+04
   4.1862000e+04
   4.1863000e+04
   4.1864000e+04
   4.1865000e+04
   4.1866000e+04
   4.1867000e+04
   4.1868000e+04
   4.1869000e+04
   4.1870000e+04
   4.1871000e+04
   4.1872000e+04
   4.1873000e+04
   4.1874000e+04
   4.1875000e+04
   4.1876000e+04
   4.1877000e+04
   4.1878000e+04
   4.1879000e+04
   4.1880000e+04
   4.1881000e+04
   4.1882000e+04
   4.1883000e+04
   4.1884000e+04
   4.1885000e+04
   4.1886000e+04
   4.1887000e+04
   4.1888000e+04
   4.1889000e+04
   4.1890000e+04
   4.1891000e+04
   4.1892000e+04
   4.1893000e+04
   4.1894000e+04
   4.1895000e+04
   4.1896000e+04
   4.1897000e+04
   4.1898000e+04
   4.1899000e+04
   4.1900000e+04
   4.1901000e+04
   4.1902000e+04
   4.1903000e+04
   4.1904000e+04
   4.1905000e+04
   4.1906000e+04
   4.1907000e+04
   4.1908000e+04
   4.1909000e+04
   4.1910000e+04
   4.1911000e+04
   4.1912000e+04
   4.1913000e+04
   4.1914000e+04
   4.1915000e+04
   4.1916000e+04
   4.1917000e+04
   4.1918000e+04
   4.1919000e+04
   4.1920000e+04
   4.1921000e+04
   4.1922000e+04
   4.1923000e+04
   4.1924000e+04
   4.1925000e+04
   4.1926000e+04
   4.1927000e+04
   4.1928000e+04
   4.1929000e+04
   4.1930000e+04
   4.1931000e+04
   4.1932000e+04
   4.1933000e+04
   4.1934000e+04
   4.1935000e+04
   4.1936000e+04
   4.1937000e+04
   4.1938000e+04
   4.1939000e+04
   4.1940000e+04
   4.1941000e+04
   4.1942000e+04
   4.1943000e+04
   4.1944000e+04
   4.1945000e+04
   4.1946000e+04
   4.1947000e+04
   4.1948000e+04
   4.1949000e+04
   4.1950000e+04
   4.1951000e+04
   4.1952000e+04
   4.1953000e+04
   4.1954000e+04
   4.1955000e+04
   4.1956000e+04
   4.1957000e+04
   4.1958000e+04
   4.1959000e+04
   4.1960000e+04
   4.1961000e+04
   4.1962000e+04
   4.1963000e+04
   4.1964000e+04
   4.1965000e+04
   4.1966000e+04
   4.1967000e+04
   4.1968000e+04
   4.1969000e+04
   4.1970000e+04
   4.1971000e+04
   4.1972000e+04
   4.1973000e+04
   4.1974000e+04
   4.1975000e+04
   4.1976000e+04
   4.1977000e+04
   4.1978000e+04
   4.1979000e+04
   4.1980000e+04
   4.1981000e+04
   4.1982000e+04
   4.1983000e+04
   4.1984000e+04
   4.1985000e+04
   4.1986000e+04
   4.1987000e+04
   4.1988000e+04
   4.1989000e+04
   4.1990000e+04
   4.1991000e+04
   4.1992000e+04
   4.1993000e+04
   4.1994000e+04
   4.1995000e+04
   4.1996000e+04
   4.1997000e+04
   4.1998000e+04
   4.1999000e+04
   4.2000000e+04
   4.2001000e+04
   4.2002000e+04
   4.2003000e+04
   4.2004000e+04
   4.2005000e+04
   4.2006000e+04
   4.2007000e+04
   4.2008000e+04
   4.2009000e+04
   4.2010000e+04
   4.2011000e+04
   4.2012000e+04
   4.2013000e+04
   4.2014000e+04
   4.2015000e+04
   4.2016000e+04
   4.2017000e+04
   4.2018000e+04
   4.2019000e+04
   4.2020000e+04
   4.2021000e+04
   4.2022000e+04
   4.2023000e+04
   4.2024000e+04
   4.2025000e+04
   4.2026000e+04
   4.2027000e+04
   4.2028000e+04
   4.2029000e+04
   4.2030000e+04
   4.2031000e+04
   4.2032000e+04
   4.2033000e+04
   4.2034000e+04
   4.2035000e+04
   4.2036000e+04
   4.2037000e+04
   4.2038000e+04
   4.2039000e+04
   4.2040000e+04
   4.2041000e+04
   4.2042000e+04
   4.2043000e+04
   4.2044000e+04
   4.2045000e+04
   4.2046000e+04
   4.2047000e+04
   4.2048000e+04
   4.2049000e+04
   4.2050000e+04
   4.2051000e+04
   4.2052000e+04
   4.2053000e+04
   4.2054000e+04
   4.2055000e+04
   4.2056000e+04
   4.2057000e+04
   4.2058000e+04
   4.2059000e+04
   4.2060000e+04
   4.2061000e+04
   4.2062000e+04
   4.2063000e+04
   4.2064000e+04
   4.2065000e+04
   4.2066000e+04
   4.2067000e+04
   4.2068000e+04
   4.2069000e+04
   4.2070000e+04
   4.2071000e+04
   4.2072000e+04
   4.2073000e+04
   4.2074000e+04
   4.2075000e+04
   4.2076000e+04
   4.2077000e+04
   4.2078000e+04
   4.2079000e+04
   4.2080000e+04
   4.2081000e+04
   4.2082000e+04
   4.2083000e+04
   4.2084000e+04
   4.2085000e+04
   4.2086000e+04
   4.2087000e+04
   4.2088000e+04
   4.2089000e+04
   4.2090000e+04
   4.2091000e+04
   4.2092000e+04
   4.2093000e+04
   4.2094000e+04
   4.2095000e+04
   4.2096000e+04
   4.2097000e+04
   4.2098000e+04
   4.2099000e+04
   4.2100000e+04
   4.2101000e+04
   4.2102000e+04
   4.2103000e+04
   4.2104000e+04
   4.2105000e+04
   4.2106000e+04
   4.2107000e+04
   4.2108000e+04
   4.2109000e+04
   4.2110000e+04
   4.2111000e+04
   4.2112000e+04
   4.2113000e+04
   4.2114000e+04
   4.2115000e+04
   4.2116000e+04
   4.2117000e+04
   4.2118000e+04
   4.2119000e+04
   4.2120000e+04
   4.2121000e+04
   4.2122000e+04
   4.2123000e+04
   4.2124000e+04
   4.2125000e+04
   4.2126000e+04
   4.2127000e+04
   4.2128000e+04
   4.2129000e+04
   4.2130000e+04
   4.2131000e+04
   4.2132000e+04
   4.2133000e+04
   4.2134000e+04
   4.2135000e+04
   4.2136000e+04
   4.2137000e+04
   4.2138000e+04
   4.2139000e+04
   4.2140000e+04
   4.2141000e+04
   4.2142000e+04
   4.2143000e+04
   4.2144000e+04
   4.2145000e+04
   4.2146000e+04
   4.2147000e+04
   4.2148000e+04
   4.2149000e+04
   4.2150000e+04
   4.2151000e+04
   4.2152000e+04
   4.2153000e+04
   4.2154000e+04
   4.2155000e+04
   4.2156000e+04
   4.2157000e+04
   4.2158000e+04
   4.2159000e+04
   4.2160000e+04
   4.2161000e+04
   4.2162000e+04
   4.2163000e+04
   4.2164000e+04
   4.2165000e+04
   4.2166000e+04
   4.2167000e+04
   4.2168000e+04
   4.2169000e+04
   4.2170000e+04
   4.2171000e+04
   4.2172000e+04
   4.2173000e+04
   4.2174000e+04
   4.2175000e+04
   4.2176000e+04
   4.2177000e+04
   4.2178000e+04
   4.2179000e+04
   4.2180000e+04
   4.2181000e+04
   4.2182000e+04
   4.2183000e+04
   4.2184000e+04
   4.2185000e+04
   4.2186000e+04
   4.2187000e+04
   4.2188000e+04
   4.2189000e+04
   4.2190000e+04
   4.2191000e+04
   4.2192000e+04
   4.2193000e+04
   4.2194000e+04
   4.2195000e+04
   4.2196000e+04
   4.2197000e+04
   4.2198000e+04
   4.2199000e+04
   4.2200000e+04
   4.2201000e+04
   4.2202000e+04
   4.2203000e+04
   4.2204000e+04
   4.2205000e+04
   4.2206000e+04
   4.2207000e+04
   4.2208000e+04
   4.2209000e+04
   4.2210000e+04
   4.2211000e+04
   4.2212000e+04
   4.2213000e+04
   4.2214000e+04
   4.2215000e+04
   4.2216000e+04
   4.2217000e+04
   4.2218000e+04
   4.2219000e+04
   4.2220000e+04
   4.2221000e+04
   4.2222000e+04
   4.2223000e+04
   4.2224000e+04
   4.2225000e+04
   4.2226000e+04
   4.2227000e+04
   4.2228000e+04
   4.2229000e+04
   4.2230000e+04
   4.2231000e+04
   4.2232000e+04
   4.2233000e+04
   4.2234000e+04
   4.2235000e+04
   4.2236000e+04
   4.2237000e+04
   4.2238000e+04
   4.2239000e+04
   4.2240000e+04
   4.2241000e+04
   4.2242000e+04
   4.2243000e+04
   4.2244000e+04
   4.2245000e+04
   4.2246000e+04
   4.2247000e+04
   4.2248000e+04
   4.2249000e+04
   4.2250000e+04
   4.2251000e+04
   4.2252000e+04
   4.2253000e+04
   4.2254000e+04
   4.2255000e+04
   4.2256000e+04
   4.2257000e+04
   4.2258000e+04
   4.2259000e+04
   4.2260000e+04
   4.2261000e+04
   4.2262000e+04
   4.2263000e+04
   4.2264000e+04
   4.2265000e+04
   4.2266000e+04
   4.2267000e+04
   4.2268000e+04
   4.2269000e+04
   4.2270000e+04
   4.2271000e+04
   4.2272000e+04
   4.2273000e+04
   4.2274000e+04
   4.2275000e+04
   4.2276000e+04
   4.2277000e+04
   4.2278000e+04
   4.2279000e+04
   4.2280000e+04
   4.2281000e+04
   4.2282000e+04
   4.2283000e+04
   4.2284000e+04
   4.2285000e+04
   4.2286000e+04
   4.2287000e+04
   4.2288000e+04
   4.2289000e+04
   4.2290000e+04
   4.2291000e+04
   4.2292000e+04
   4.2293000e+04
   4.2294000e+04
   4.2295000e+04
   4.2296000e+04
   4.2297000e+04
   4.2298000e+04
   4.2299000e+04
   4.2300000e+04
   4.2301000e+04
   4.2302000e+04
   4.2303000e+04
   4.2304000e+04
   4.2305000e+04
   4.2306000e+04
   4.2307000e+04
   4.2308000e+04
   4.2309000e+04
   4.2310000e+04
   4.2311000e+04
   4.2312000e+04
   4.2313000e+04
   4.2314000e+04
   4.2315000e+04
   4.2316000e+04
   4.2317000e+04
   4.2318000e+04
   4.2319000e+04
   4.2320000e+04
   4.2321000e+04
   4.2322000e+04
   4.2323000e+04
   4.2324000e+04
   4.2325000e+04
   4.2326000e+04
   4.2327000e+04
   4.2328000e+04
   4.2329000e+04
   4.2330000e+04
   4.2331000e+04
   4.2332000e+04
   4.2333000e+04
   4.2334000e+04
   4.2335000e+04
   4.2336000e+04
   4.2337000e+04
   4.2338000e+04
   4.2339000e+04
   4.2340000e+04
   4.2341000e+04
   4.2342000e+04
   4.2343000e+04
   4.2344000e+04
   4.2345000e+04
   4.2346000e+04
   4.2347000e+04
   4.2348000e+04
   4.2349000e+04
   4.2350000e+04
   4.2351000e+04
   4.2352000e+04
   4.2353000e+04
   4.2354000e+04
   4.2355000e+04
   4.2356000e+04
   4.2357000e+04
   4.2358000e+04
   4.2359000e+04
   4.2360000e+04
   4.2361000e+04
   4.2362000e+04
   4.2363000e+04
   4.2364000e+04
   4.2365000e+04
   4.2366000e+04
   4.2367000e+04
   4.2368000e+04
   4.2369000e+04
   4.2370000e+04
   4.2371000e+04
   4.2372000e+04
   4.2373000e+04
   4.2374000e+04
   4.2375000e+04
   4.2376000e+04
   4.2377000e+04
   4.2378000e+04
   4.2379000e+04
   4.2380000e+04
   4.2381000e+04
   4.2382000e+04
   4.2383000e+04
   4.2384000e+04
   4.2385000e+04
   4.2386000e+04
   4.2387000e+04
   4.2388000e+04
   4.2389000e+04
   4.2390000e+04
   4.2391000e+04
   4.2392000e+04
   4.2393000e+04
   4.2394000e+04
   4.2395000e+04
   4.2396000e+04
   4.2397000e+04
   4.2398000e+04
   4.2399000e+04
   4.2400000e+04
   4.2401000e+04
   4.2402000e+04
   4.2403000e+04
   4.2404000e+04
   4.2405000e+04
   4.2406000e+04
   4.2407000e+04
   4.2408000e+04
   4.2409000e+04
   4.2410000e+04
   4.2411000e+04
   4.2412000e+04
   4.2413000e+04
   4.2414000e+04
   4.2415000e+04
   4.2416000e+04
   4.2417000e+04
   4.2418000e+04
   4.2419000e+04
   4.2420000e+04
   4.2421000e+04
   4.2422000e+04
   4.2423000e+04
   4.2424000e+04
   4.2425000e+04
   4.2426000e+04
   4.2427000e+04
   4.2428000e+04
   4.2429000e+04
   4.2430000e+04
   4.2431000e+04
   4.2432000e+04
   4.2433000e+04
   4.2434000e+04
   4.2435000e+04
   4.2436000e+04
   4.2437000e+04
   4.2438000e+04
   4.2439000e+04
   4.2440000e+04
   4.2441000e+04
   4.2442000e+04
   4.2443000e+04
   4.2444000e+04
   4.2445000e+04
   4.2446000e+04
   4.2447000e+04
   4.2448000e+04
   4.2449000e+04
   4.2450000e+04
   4.2451000e+04
   4.2452000e+04
   4.2453000e+04
   4.2454000e+04
   4.2455000e+04
   4.2456000e+04
   4.2457000e+04
   4.2458000e+04
   4.2459000e+04
   4.2460000e+04
   4.2461000e+04
   4.2462000e+04
   4.2463000e+04
   4.2464000e+04
   4.2465000e+04
   4.2466000e+04
   4.2467000e+04
   4.2468000e+04
   4.2469000e+04
   4.2470000e+04
   4.2471000e+04
   4.2472000e+04
   4.2473000e+04
   4.2474000e+04
   4.2475000e+04
   4.2476000e+04
   4.2477000e+04
   4.2478000e+04
   4.2479000e+04
   4.2480000e+04
   4.2481000e+04
   4.2482000e+04
   4.2483000e+04
   4.2484000e+04
   4.2485000e+04
   4.2486000e+04
   4.2487000e+04
   4.2488000e+04
   4.2489000e+04
   4.2490000e+04
   4.2491000e+04
   4.2492000e+04
   4.2493000e+04
   4.2494000e+04
   4.2495000e+04
   4.2496000e+04
   4.2497000e+04
   4.2498000e+04
   4.2499000e+04
   4.2500000e+04
   4.2501000e+04
   4.2502000e+04
   4.2503000e+04
   4.2504000e+04
   4.2505000e+04
   4.2506000e+04
   4.2507000e+04
   4.2508000e+04
   4.2509000e+04
   4.2510000e+04
   4.2511000e+04
   4.2512000e+04
   4.2513000e+04
   4.2514000e+04
   4.2515000e+04
   4.2516000e+04
   4.2517000e+04
   4.2518000e+04
   4.2519000e+04
   4.2520000e+04
   4.2521000e+04
   4.2522000e+04
   4.2523000e+04
   4.2524000e+04
   4.2525000e+04
   4.2526000e+04
   4.2527000e+04
   4.2528000e+04
   4.2529000e+04
   4.2530000e+04
   4.2531000e+04
   4.2532000e+04
   4.2533000e+04
   4.2534000e+04
   4.2535000e+04
   4.2536000e+04
   4.2537000e+04
   4.2538000e+04
   4.2539000e+04
   4.2540000e+04
   4.2541000e+04
   4.2542000e+04
   4.2543000e+04
   4.2544000e+04
   4.2545000e+04
   4.2546000e+04
   4.2547000e+04
   4.2548000e+04
   4.2549000e+04
   4.2550000e+04
   4.2551000e+04
   4.2552000e+04
   4.2553000e+04
   4.2554000e+04
   4.2555000e+04
   4.2556000e+04
   4.2557000e+04
   4.2558000e+04
   4.2559000e+04
   4.2560000e+04
   4.2561000e+04
   4.2562000e+04
   4.2563000e+04
   4.2564000e+04
   4.2565000e+04
   4.2566000e+04
   4.2567000e+04
   4.2568000e+04
   4.2569000e+04
   4.2570000e+04
   4.2571000e+04
   4.2572000e+04
   4.2573000e+04
   4.2574000e+04
   4.2575000e+04
   4.2576000e+04
   4.2577000e+04
   4.2578000e+04
   4.2579000e+04
   4.2580000e+04
   4.2581000e+04
   4.2582000e+04
   4.2583000e+04
   4.2584000e+04
   4.2585000e+04
   4.2586000e+04
   4.2587000e+04
   4.2588000e+04
   4.2589000e+04
   4.2590000e+04
   4.2591000e+04
   4.2592000e+04
   4.2593000e+04
   4.2594000e+04
   4.2595000e+04
   4.2596000e+04
   4.2597000e+04
   4.2598000e+04
   4.2599000e+04
   4.2600000e+04
   4.2601000e+04
   4.2602000e+04
   4.2603000e+04
   4.2604000e+04
   4.2605000e+04
   4.2606000e+04
   4.2607000e+04
   4.2608000e+04
   4.2609000e+04
   4.2610000e+04
   4.2611000e+04
   4.2612000e+04
   4.2613000e+04
   4.2614000e+04
   4.2615000e+04
   4.2616000e+04
   4.2617000e+04
   4.2618000e+04
   4.2619000e+04
   4.2620000e+04
   4.2621000e+04
   4.2622000e+04
   4.2623000e+04
   4.2624000e+04
   4.2625000e+04
   4.2626000e+04
   4.2627000e+04
   4.2628000e+04
   4.2629000e+04
   4.2630000e+04
   4.2631000e+04
   4.2632000e+04
   4.2633000e+04
   4.2634000e+04
   4.2635000e+04
   4.2636000e+04
   4.2637000e+04
   4.2638000e+04
   4.2639000e+04
   4.2640000e+04
   4.2641000e+04
   4.2642000e+04
   4.2643000e+04
   4.2644000e+04
   4.2645000e+04
   4.2646000e+04
   4.2647000e+04
   4.2648000e+04
   4.2649000e+04
   4.2650000e+04
   4.2651000e+04
   4.2652000e+04
   4.2653000e+04
   4.2654000e+04
   4.2655000e+04
   4.2656000e+04
   4.2657000e+04
   4.2658000e+04
   4.2659000e+04
   4.2660000e+04
   4.2661000e+04
   4.2662000e+04
   4.2663000e+04
   4.2664000e+04
   4.2665000e+04
   4.2666000e+04
   4.2667000e+04
   4.2668000e+04
   4.2669000e+04
   4.2670000e+04
   4.2671000e+04
   4.2672000e+04
   4.2673000e+04
   4.2674000e+04
   4.2675000e+04
   4.2676000e+04
   4.2677000e+04
   4.2678000e+04
   4.2679000e+04
   4.2680000e+04
   4.2681000e+04
   4.2682000e+04
   4.2683000e+04
   4.2684000e+04
   4.2685000e+04
   4.2686000e+04
   4.2687000e+04
   4.2688000e+04
   4.2689000e+04
   4.2690000e+04
   4.2691000e+04
   4.2692000e+04
   4.2693000e+04
   4.2694000e+04
   4.2695000e+04
   4.2696000e+04
   4.2697000e+04
   4.2698000e+04
   4.2699000e+04
   4.2700000e+04
   4.2701000e+04
   4.2702000e+04
   4.2703000e+04
   4.2704000e+04
   4.2705000e+04
   4.2706000e+04
   4.2707000e+04
   4.2708000e+04
   4.2709000e+04
   4.2710000e+04
   4.2711000e+04
   4.2712000e+04
   4.2713000e+04
   4.2714000e+04
   4.2715000e+04
   4.2716000e+04
   4.2717000e+04
   4.2718000e+04
   4.2719000e+04
   4.2720000e+04
   4.2721000e+04
   4.2722000e+04
   4.2723000e+04
   4.2724000e+04
   4.2725000e+04
   4.2726000e+04
   4.2727000e+04
   4.2728000e+04
   4.2729000e+04
   4.2730000e+04
   4.2731000e+04
   4.2732000e+04
   4.2733000e+04
   4.2734000e+04
   4.2735000e+04
   4.2736000e+04
   4.2737000e+04
   4.2738000e+04
   4.2739000e+04
   4.2740000e+04
   4.2741000e+04
   4.2742000e+04
   4.2743000e+04
   4.2744000e+04
   4.2745000e+04
   4.2746000e+04
   4.2747000e+04
   4.2748000e+04
   4.2749000e+04
   4.2750000e+04
   4.2751000e+04
   4.2752000e+04
   4.2753000e+04
   4.2754000e+04
   4.2755000e+04
   4.2756000e+04
   4.2757000e+04
   4.2758000e+04
   4.2759000e+04
   4.2760000e+04
   4.2761000e+04
   4.2762000e+04
   4.2763000e+04
   4.2764000e+04
   4.2765000e+04
   4.2766000e+04
   4.2767000e+04
   4.2768000e+04
   4.2769000e+04
   4.2770000e+04
   4.2771000e+04
   4.2772000e+04
   4.2773000e+04
   4.2774000e+04
   4.2775000e+04
   4.2776000e+04
   4.2777000e+04
   4.2778000e+04
   4.2779000e+04
   4.2780000e+04
   4.2781000e+04
   4.2782000e+04
   4.2783000e+04
   4.2784000e+04
   4.2785000e+04
   4.2786000e+04
   4.2787000e+04
   4.2788000e+04
   4.2789000e+04
   4.2790000e+04
   4.2791000e+04
   4.2792000e+04
   4.2793000e+04
   4.2794000e+04
   4.2795000e+04
   4.2796000e+04
   4.2797000e+04
   4.2798000e+04
   4.2799000e+04
   4.2800000e+04
   4.2801000e+04
   4.2802000e+04
   4.2803000e+04
   4.2804000e+04
   4.2805000e+04
   4.2806000e+04
   4.2807000e+04
   4.2808000e+04
   4.2809000e+04
   4.2810000e+04
   4.2811000e+04
   4.2812000e+04
   4.2813000e+04
   4.2814000e+04
   4.2815000e+04
   4.2816000e+04
   4.2817000e+04
   4.2818000e+04
   4.2819000e+04
   4.2820000e+04
   4.2821000e+04
   4.2822000e+04
   4.2823000e+04
   4.2824000e+04
   4.2825000e+04
   4.2826000e+04
   4.2827000e+04
   4.2828000e+04
   4.2829000e+04
   4.2830000e+04
   4.2831000e+04
   4.2832000e+04
   4.2833000e+04
   4.2834000e+04
   4.2835000e+04
   4.2836000e+04
   4.2837000e+04
   4.2838000e+04
   4.2839000e+04
   4.2840000e+04
   4.2841000e+04
   4.2842000e+04
   4.2843000e+04
   4.2844000e+04
   4.2845000e+04
   4.2846000e+04
   4.2847000e+04
   4.2848000e+04
   4.2849000e+04
   4.2850000e+04
   4.2851000e+04
   4.2852000e+04
   4.2853000e+04
   4.2854000e+04
   4.2855000e+04
   4.2856000e+04
   4.2857000e+04
   4.2858000e+04
   4.2859000e+04
   4.2860000e+04
   4.2861000e+04
   4.2862000e+04
   4.2863000e+04
   4.2864000e+04
   4.2865000e+04
   4.2866000e+04
   4.2867000e+04
   4.2868000e+04
   4.2869000e+04
   4.2870000e+04
   4.2871000e+04
   4.2872000e+04
   4.2873000e+04
   4.2874000e+04
   4.2875000e+04
   4.2876000e+04
   4.2877000e+04
   4.2878000e+04
   4.2879000e+04
   4.2880000e+04
   4.2881000e+04
   4.2882000e+04
   4.2883000e+04
   4.2884000e+04
   4.2885000e+04
   4.2886000e+04
   4.2887000e+04
   4.2888000e+04
   4.2889000e+04
   4.2890000e+04
   4.2891000e+04
   4.2892000e+04
   4.2893000e+04
   4.2894000e+04
   4.2895000e+04
   4.2896000e+04
   4.2897000e+04
   4.2898000e+04
   4.2899000e+04
   4.2900000e+04
   4.2901000e+04
   4.2902000e+04
   4.2903000e+04
   4.2904000e+04
   4.2905000e+04
   4.2906000e+04
   4.2907000e+04
   4.2908000e+04
   4.2909000e+04
   4.2910000e+04
   4.2911000e+04
   4.2912000e+04
   4.2913000e+04
   4.2914000e+04
   4.2915000e+04
   4.2916000e+04
   4.2917000e+04
   4.2918000e+04
   4.2919000e+04
   4.2920000e+04
   4.2921000e+04
   4.2922000e+04
   4.2923000e+04
   4.2924000e+04
   4.2925000e+04
   4.2926000e+04
   4.2927000e+04
   4.2928000e+04
   4.2929000e+04
   4.2930000e+04
   4.2931000e+04
   4.2932000e+04
   4.2933000e+04
   4.2934000e+04
   4.2935000e+04
   4.2936000e+04
   4.2937000e+04
   4.2938000e+04
   4.2939000e+04
   4.2940000e+04
   4.2941000e+04
   4.2942000e+04
   4.2943000e+04
   4.2944000e+04
   4.2945000e+04
   4.2946000e+04
   4.2947000e+04
   4.2948000e+04
   4.2949000e+04
   4.2950000e+04
   4.2951000e+04
   4.2952000e+04
   4.2953000e+04
   4.2954000e+04
   4.2955000e+04
   4.2956000e+04
   4.2957000e+04
   4.2958000e+04
   4.2959000e+04
   4.2960000e+04
   4.2961000e+04
   4.2962000e+04
   4.2963000e+04
   4.2964000e+04
   4.2965000e+04
   4.2966000e+04
   4.2967000e+04
   4.2968000e+04
   4.2969000e+04
   4.2970000e+04
   4.2971000e+04
   4.2972000e+04
   4.2973000e+04
   4.2974000e+04
   4.2975000e+04
   4.2976000e+04
   4.2977000e+04
   4.2978000e+04
   4.2979000e+04
   4.2980000e+04
   4.2981000e+04
   4.2982000e+04
   4.2983000e+04
   4.2984000e+04
   4.2985000e+04
   4.2986000e+04
   4.2987000e+04
   4.2988000e+04
   4.2989000e+04
   4.2990000e+04
   4.2991000e+04
   4.2992000e+04
   4.2993000e+04
   4.2994000e+04
   4.2995000e+04
   4.2996000e+04
   4.2997000e+04
   4.2998000e+04
   4.2999000e+04
   4.3000000e+04
   4.3001000e+04
   4.3002000e+04
   4.3003000e+04
   4.3004000e+04
   4.3005000e+04
   4.3006000e+04
   4.3007000e+04
   4.3008000e+04
   4.3009000e+04
   4.3010000e+04
   4.3011000e+04
   4.3012000e+04
   4.3013000e+04
   4.3014000e+04
   4.3015000e+04
   4.3016000e+04
   4.3017000e+04
   4.3018000e+04
   4.3019000e+04
   4.3020000e+04
   4.3021000e+04
   4.3022000e+04
   4.3023000e+04
   4.3024000e+04
   4.3025000e+04
   4.3026000e+04
   4.3027000e+04
   4.3028000e+04
   4.3029000e+04
   4.3030000e+04
   4.3031000e+04
   4.3032000e+04
   4.3033000e+04
   4.3034000e+04
   4.3035000e+04
   4.3036000e+04
   4.3037000e+04
   4.3038000e+04
   4.3039000e+04
   4.3040000e+04
   4.3041000e+04
   4.3042000e+04
   4.3043000e+04
   4.3044000e+04
   4.3045000e+04
   4.3046000e+04
   4.3047000e+04
   4.3048000e+04
   4.3049000e+04
   4.3050000e+04
   4.3051000e+04
   4.3052000e+04
   4.3053000e+04
   4.3054000e+04
   4.3055000e+04
   4.3056000e+04
   4.3057000e+04
   4.3058000e+04
   4.3059000e+04
   4.3060000e+04
   4.3061000e+04
   4.3062000e+04
   4.3063000e+04
   4.3064000e+04
   4.3065000e+04
   4.3066000e+04
   4.3067000e+04
   4.3068000e+04
   4.3069000e+04
   4.3070000e+04
   4.3071000e+04
   4.3072000e+04
   4.3073000e+04
   4.3074000e+04
   4.3075000e+04
   4.3076000e+04
   4.3077000e+04
   4.3078000e+04
   4.3079000e+04
   4.3080000e+04
   4.3081000e+04
   4.3082000e+04
   4.3083000e+04
   4.3084000e+04
   4.3085000e+04
   4.3086000e+04
   4.3087000e+04
   4.3088000e+04
   4.3089000e+04
   4.3090000e+04
   4.3091000e+04
   4.3092000e+04
   4.3093000e+04
   4.3094000e+04
   4.3095000e+04
   4.3096000e+04
   4.3097000e+04
   4.3098000e+04
   4.3099000e+04
   4.3100000e+04
   4.3101000e+04
   4.3102000e+04
   4.3103000e+04
   4.3104000e+04
   4.3105000e+04
   4.3106000e+04
   4.3107000e+04
   4.3108000e+04
   4.3109000e+04
   4.3110000e+04
   4.3111000e+04
   4.3112000e+04
   4.3113000e+04
   4.3114000e+04
   4.3115000e+04
   4.3116000e+04
   4.3117000e+04
   4.3118000e+04
   4.3119000e+04
   4.3120000e+04
   4.3121000e+04
   4.3122000e+04
   4.3123000e+04
   4.3124000e+04
   4.3125000e+04
   4.3126000e+04
   4.3127000e+04
   4.3128000e+04
   4.3129000e+04
   4.3130000e+04
   4.3131000e+04
   4.3132000e+04
   4.3133000e+04
   4.3134000e+04
   4.3135000e+04
   4.3136000e+04
   4.3137000e+04
   4.3138000e+04
   4.3139000e+04
   4.3140000e+04
   4.3141000e+04
   4.3142000e+04
   4.3143000e+04
   4.3144000e+04
   4.3145000e+04
   4.3146000e+04
   4.3147000e+04
   4.3148000e+04
   4.3149000e+04
   4.3150000e+04
   4.3151000e+04
   4.3152000e+04
   4.3153000e+04
   4.3154000e+04
   4.3155000e+04
   4.3156000e+04
   4.3157000e+04
   4.3158000e+04
   4.3159000e+04
   4.3160000e+04
   4.3161000e+04
   4.3162000e+04
   4.3163000e+04
   4.3164000e+04
   4.3165000e+04
   4.3166000e+04
   4.3167000e+04
   4.3168000e+04
   4.3169000e+04
   4.3170000e+04
   4.3171000e+04
   4.3172000e+04
   4.3173000e+04
   4.3174000e+04
   4.3175000e+04
   4.3176000e+04
   4.3177000e+04
   4.3178000e+04
   4.3179000e+04
   4.3180000e+04
   4.3181000e+04
   4.3182000e+04
   4.3183000e+04
   4.3184000e+04
   4.3185000e+04
   4.3186000e+04
   4.3187000e+04
   4.3188000e+04
   4.3189000e+04
   4.3190000e+04
   4.3191000e+04
   4.3192000e+04
   4.3193000e+04
   4.3194000e+04
   4.3195000e+04
   4.3196000e+04
   4.3197000e+04
   4.3198000e+04
   4.3199000e+04
   4.3200000e+04
   4.3201000e+04
   4.3202000e+04
   4.3203000e+04
   4.3204000e+04
   4.3205000e+04
   4.3206000e+04
   4.3207000e+04
   4.3208000e+04
   4.3209000e+04
   4.3210000e+04
   4.3211000e+04
   4.3212000e+04
   4.3213000e+04
   4.3214000e+04
   4.3215000e+04
   4.3216000e+04
   4.3217000e+04
   4.3218000e+04
   4.3219000e+04
   4.3220000e+04
   4.3221000e+04
   4.3222000e+04
   4.3223000e+04
   4.3224000e+04
   4.3225000e+04
   4.3226000e+04
   4.3227000e+04
   4.3228000e+04
   4.3229000e+04
   4.3230000e+04
   4.3231000e+04
   4.3232000e+04
   4.3233000e+04
   4.3234000e+04
   4.3235000e+04
   4.3236000e+04
   4.3237000e+04
   4.3238000e+04
   4.3239000e+04
   4.3240000e+04
   4.3241000e+04
   4.3242000e+04
   4.3243000e+04
   4.3244000e+04
   4.3245000e+04
   4.3246000e+04
   4.3247000e+04
   4.3248000e+04
   4.3249000e+04
   4.3250000e+04
   4.3251000e+04
   4.3252000e+04
   4.3253000e+04
   4.3254000e+04
   4.3255000e+04
   4.3256000e+04
   4.3257000e+04
   4.3258000e+04
   4.3259000e+04
   4.3260000e+04
   4.3261000e+04
   4.3262000e+04
   4.3263000e+04
   4.3264000e+04
   4.3265000e+04
   4.3266000e+04
   4.3267000e+04
   4.3268000e+04
   4.3269000e+04
   4.3270000e+04
   4.3271000e+04
   4.3272000e+04
   4.3273000e+04
   4.3274000e+04
   4.3275000e+04
   4.3276000e+04
   4.3277000e+04
   4.3278000e+04
   4.3279000e+04
   4.3280000e+04
   4.3281000e+04
   4.3282000e+04
   4.3283000e+04
   4.3284000e+04
   4.3285000e+04
   4.3286000e+04
   4.3287000e+04
   4.3288000e+04
   4.3289000e+04
   4.3290000e+04
   4.3291000e+04
   4.3292000e+04
   4.3293000e+04
   4.3294000e+04
   4.3295000e+04
   4.3296000e+04
   4.3297000e+04
   4.3298000e+04
   4.3299000e+04
   4.3300000e+04
   4.3301000e+04
   4.3302000e+04
   4.3303000e+04
   4.3304000e+04
   4.3305000e+04
   4.3306000e+04
   4.3307000e+04
   4.3308000e+04
   4.3309000e+04
   4.3310000e+04
   4.3311000e+04
   4.3312000e+04
   4.3313000e+04
   4.3314000e+04
   4.3315000e+04
   4.3316000e+04
   4.3317000e+04
   4.3318000e+04
   4.3319000e+04
   4.3320000e+04
   4.3321000e+04
   4.3322000e+04
   4.3323000e+04
   4.3324000e+04
   4.3325000e+04
   4.3326000e+04
   4.3327000e+04
   4.3328000e+04
   4.3329000e+04
   4.3330000e+04
   4.3331000e+04
   4.3332000e+04
   4.3333000e+04
   4.3334000e+04
   4.3335000e+04
   4.3336000e+04
   4.3337000e+04
   4.3338000e+04
   4.3339000e+04
   4.3340000e+04
   4.3341000e+04
   4.3342000e+04
   4.3343000e+04
   4.3344000e+04
   4.3345000e+04
   4.3346000e+04
   4.3347000e+04
   4.3348000e+04
   4.3349000e+04
   4.3350000e+04
   4.3351000e+04
   4.3352000e+04
   4.3353000e+04
   4.3354000e+04
   4.3355000e+04
   4.3356000e+04
   4.3357000e+04
   4.3358000e+04
   4.3359000e+04
   4.3360000e+04
   4.3361000e+04
   4.3362000e+04
   4.3363000e+04
   4.3364000e+04
   4.3365000e+04
   4.3366000e+04
   4.3367000e+04
   4.3368000e+04
   4.3369000e+04
   4.3370000e+04
   4.3371000e+04
   4.3372000e+04
   4.3373000e+04
   4.3374000e+04
   4.3375000e+04
   4.3376000e+04
   4.3377000e+04
   4.3378000e+04
   4.3379000e+04
   4.3380000e+04
   4.3381000e+04
   4.3382000e+04
   4.3383000e+04
   4.3384000e+04
   4.3385000e+04
   4.3386000e+04
   4.3387000e+04
   4.3388000e+04
   4.3389000e+04
   4.3390000e+04
   4.3391000e+04
   4.3392000e+04
   4.3393000e+04
   4.3394000e+04
   4.3395000e+04
   4.3396000e+04
   4.3397000e+04
   4.3398000e+04
   4.3399000e+04
   4.3400000e+04
   4.3401000e+04
   4.3402000e+04
   4.3403000e+04
   4.3404000e+04
   4.3405000e+04
   4.3406000e+04
   4.3407000e+04
   4.3408000e+04
   4.3409000e+04
   4.3410000e+04
   4.3411000e+04
   4.3412000e+04
   4.3413000e+04
   4.3414000e+04
   4.3415000e+04
   4.3416000e+04
   4.3417000e+04
   4.3418000e+04
   4.3419000e+04
   4.3420000e+04
   4.3421000e+04
   4.3422000e+04
   4.3423000e+04
   4.3424000e+04
   4.3425000e+04
   4.3426000e+04
   4.3427000e+04
   4.3428000e+04
   4.3429000e+04
   4.3430000e+04
   4.3431000e+04
   4.3432000e+04
   4.3433000e+04
   4.3434000e+04
   4.3435000e+04
   4.3436000e+04
   4.3437000e+04
   4.3438000e+04
   4.3439000e+04
   4.3440000e+04
   4.3441000e+04
   4.3442000e+04
   4.3443000e+04
   4.3444000e+04
   4.3445000e+04
   4.3446000e+04
   4.3447000e+04
   4.3448000e+04
   4.3449000e+04
   4.3450000e+04
   4.3451000e+04
   4.3452000e+04
   4.3453000e+04
   4.3454000e+04
   4.3455000e+04
   4.3456000e+04
   4.3457000e+04
   4.3458000e+04
   4.3459000e+04
   4.3460000e+04
   4.3461000e+04
   4.3462000e+04
   4.3463000e+04
   4.3464000e+04
   4.3465000e+04
   4.3466000e+04
   4.3467000e+04
   4.3468000e+04
   4.3469000e+04
   4.3470000e+04
   4.3471000e+04
   4.3472000e+04
   4.3473000e+04
   4.3474000e+04
   4.3475000e+04
   4.3476000e+04
   4.3477000e+04
   4.3478000e+04
   4.3479000e+04
   4.3480000e+04
   4.3481000e+04
   4.3482000e+04
   4.3483000e+04
   4.3484000e+04
   4.3485000e+04
   4.3486000e+04
   4.3487000e+04
   4.3488000e+04
   4.3489000e+04
   4.3490000e+04
   4.3491000e+04
   4.3492000e+04
   4.3493000e+04
   4.3494000e+04
   4.3495000e+04
   4.3496000e+04
   4.3497000e+04
   4.3498000e+04
   4.3499000e+04
   4.3500000e+04
   4.3501000e+04
   4.3502000e+04
   4.3503000e+04
   4.3504000e+04
   4.3505000e+04
   4.3506000e+04
   4.3507000e+04
   4.3508000e+04
   4.3509000e+04
   4.3510000e+04
   4.3511000e+04
   4.3512000e+04
   4.3513000e+04
   4.3514000e+04
   4.3515000e+04
   4.3516000e+04
   4.3517000e+04
   4.3518000e+04
   4.3519000e+04
   4.3520000e+04
   4.3521000e+04
   4.3522000e+04
   4.3523000e+04
   4.3524000e+04
   4.3525000e+04
   4.3526000e+04
   4.3527000e+04
   4.3528000e+04
   4.3529000e+04
   4.3530000e+04
   4.3531000e+04
   4.3532000e+04
   4.3533000e+04
   4.3534000e+04
   4.3535000e+04
   4.3536000e+04
   4.3537000e+04
   4.3538000e+04
   4.3539000e+04
   4.3540000e+04
   4.3541000e+04
   4.3542000e+04
   4.3543000e+04
   4.3544000e+04
   4.3545000e+04
   4.3546000e+04
   4.3547000e+04
   4.3548000e+04
   4.3549000e+04
   4.3550000e+04
   4.3551000e+04
   4.3552000e+04
   4.3553000e+04
   4.3554000e+04
   4.3555000e+04
   4.3556000e+04
   4.3557000e+04
   4.3558000e+04
   4.3559000e+04
   4.3560000e+04
   4.3561000e+04
   4.3562000e+04
   4.3563000e+04
   4.3564000e+04
   4.3565000e+04
   4.3566000e+04
   4.3567000e+04
   4.3568000e+04
   4.3569000e+04
   4.3570000e+04
   4.3571000e+04
   4.3572000e+04
   4.3573000e+04
   4.3574000e+04
   4.3575000e+04
   4.3576000e+04
   4.3577000e+04
   4.3578000e+04
   4.3579000e+04
   4.3580000e+04
   4.3581000e+04
   4.3582000e+04
   4.3583000e+04
   4.3584000e+04
   4.3585000e+04
   4.3586000e+04
   4.3587000e+04
   4.3588000e+04
   4.3589000e+04
   4.3590000e+04
   4.3591000e+04
   4.3592000e+04
   4.3593000e+04
   4.3594000e+04
   4.3595000e+04
   4.3596000e+04
   4.3597000e+04
   4.3598000e+04
   4.3599000e+04
   4.3600000e+04
   4.3601000e+04
   4.3602000e+04
   4.3603000e+04
   4.3604000e+04
   4.3605000e+04
   4.3606000e+04
   4.3607000e+04
   4.3608000e+04
   4.3609000e+04
   4.3610000e+04
   4.3611000e+04
   4.3612000e+04
   4.3613000e+04
   4.3614000e+04
   4.3615000e+04
   4.3616000e+04
   4.3617000e+04
   4.3618000e+04
   4.3619000e+04
   4.3620000e+04
   4.3621000e+04
   4.3622000e+04
   4.3623000e+04
   4.3624000e+04
   4.3625000e+04
   4.3626000e+04
   4.3627000e+04
   4.3628000e+04
   4.3629000e+04
   4.3630000e+04
   4.3631000e+04
   4.3632000e+04
   4.3633000e+04
   4.3634000e+04
   4.3635000e+04
   4.3636000e+04
   4.3637000e+04
   4.3638000e+04
   4.3639000e+04
   4.3640000e+04
   4.3641000e+04
   4.3642000e+04
   4.3643000e+04
   4.3644000e+04
   4.3645000e+04
   4.3646000e+04
   4.3647000e+04
   4.3648000e+04
   4.3649000e+04
   4.3650000e+04
   4.3651000e+04
   4.3652000e+04
   4.3653000e+04
   4.3654000e+04
   4.3655000e+04
   4.3656000e+04
   4.3657000e+04
   4.3658000e+04
   4.3659000e+04
   4.3660000e+04
   4.3661000e+04
   4.3662000e+04
   4.3663000e+04
   4.3664000e+04
   4.3665000e+04
   4.3666000e+04
   4.3667000e+04
   4.3668000e+04
   4.3669000e+04
   4.3670000e+04
   4.3671000e+04
   4.3672000e+04
   4.3673000e+04
   4.3674000e+04
   4.3675000e+04
   4.3676000e+04
   4.3677000e+04
   4.3678000e+04
   4.3679000e+04
   4.3680000e+04
   4.3681000e+04
   4.3682000e+04
   4.3683000e+04
   4.3684000e+04
   4.3685000e+04
   4.3686000e+04
   4.3687000e+04
   4.3688000e+04
   4.3689000e+04
   4.3690000e+04
   4.3691000e+04
   4.3692000e+04
   4.3693000e+04
   4.3694000e+04
   4.3695000e+04
   4.3696000e+04
   4.3697000e+04
   4.3698000e+04
   4.3699000e+04
   4.3700000e+04
   4.3701000e+04
   4.3702000e+04
   4.3703000e+04
   4.3704000e+04
   4.3705000e+04
   4.3706000e+04
   4.3707000e+04
   4.3708000e+04
   4.3709000e+04
   4.3710000e+04
   4.3711000e+04
   4.3712000e+04
   4.3713000e+04
   4.3714000e+04
   4.3715000e+04
   4.3716000e+04
   4.3717000e+04
   4.3718000e+04
   4.3719000e+04
   4.3720000e+04
   4.3721000e+04
   4.3722000e+04
   4.3723000e+04
   4.3724000e+04
   4.3725000e+04
   4.3726000e+04
   4.3727000e+04
   4.3728000e+04
   4.3729000e+04
   4.3730000e+04
   4.3731000e+04
   4.3732000e+04
   4.3733000e+04
   4.3734000e+04
   4.3735000e+04
   4.3736000e+04
   4.3737000e+04
   4.3738000e+04
   4.3739000e+04
   4.3740000e+04
   4.3741000e+04
   4.3742000e+04
   4.3743000e+04
   4.3744000e+04
   4.3745000e+04
   4.3746000e+04
   4.3747000e+04
   4.3748000e+04
   4.3749000e+04
   4.3750000e+04
   4.3751000e+04
   4.3752000e+04
   4.3753000e+04
   4.3754000e+04
   4.3755000e+04
   4.3756000e+04
   4.3757000e+04
   4.3758000e+04
   4.3759000e+04
   4.3760000e+04
   4.3761000e+04
   4.3762000e+04
   4.3763000e+04
   4.3764000e+04
   4.3765000e+04
   4.3766000e+04
   4.3767000e+04
   4.3768000e+04
   4.3769000e+04
   4.3770000e+04
   4.3771000e+04
   4.3772000e+04
   4.3773000e+04
   4.3774000e+04
   4.3775000e+04
   4.3776000e+04
   4.3777000e+04
   4.3778000e+04
   4.3779000e+04
   4.3780000e+04
   4.3781000e+04
   4.3782000e+04
   4.3783000e+04
   4.3784000e+04
   4.3785000e+04
   4.3786000e+04
   4.3787000e+04
   4.3788000e+04
   4.3789000e+04
   4.3790000e+04
   4.3791000e+04
   4.3792000e+04
   4.3793000e+04
   4.3794000e+04
   4.3795000e+04
   4.3796000e+04
   4.3797000e+04
   4.3798000e+04
   4.3799000e+04
   4.3800000e+04
   4.3801000e+04
   4.3802000e+04
   4.3803000e+04
   4.3804000e+04
   4.3805000e+04
   4.3806000e+04
   4.3807000e+04
   4.3808000e+04
   4.3809000e+04
   4.3810000e+04
   4.3811000e+04
   4.3812000e+04
   4.3813000e+04
   4.3814000e+04
   4.3815000e+04
   4.3816000e+04
   4.3817000e+04
   4.3818000e+04
   4.3819000e+04
   4.3820000e+04
   4.3821000e+04
   4.3822000e+04
   4.3823000e+04
   4.3824000e+04
   4.3825000e+04
   4.3826000e+04
   4.3827000e+04
   4.3828000e+04
   4.3829000e+04
   4.3830000e+04
   4.3831000e+04
   4.3832000e+04
   4.3833000e+04
   4.3834000e+04
   4.3835000e+04
   4.3836000e+04
   4.3837000e+04
   4.3838000e+04
   4.3839000e+04
   4.3840000e+04
   4.3841000e+04
   4.3842000e+04
   4.3843000e+04
   4.3844000e+04
   4.3845000e+04
   4.3846000e+04
   4.3847000e+04
   4.3848000e+04
   4.3849000e+04
   4.3850000e+04
   4.3851000e+04
   4.3852000e+04
   4.3853000e+04
   4.3854000e+04
   4.3855000e+04
   4.3856000e+04
   4.3857000e+04
   4.3858000e+04
   4.3859000e+04
   4.3860000e+04
   4.3861000e+04
   4.3862000e+04
   4.3863000e+04
   4.3864000e+04
   4.3865000e+04
   4.3866000e+04
   4.3867000e+04
   4.3868000e+04
   4.3869000e+04
   4.3870000e+04
   4.3871000e+04
   4.3872000e+04
   4.3873000e+04
   4.3874000e+04
   4.3875000e+04
   4.3876000e+04
   4.3877000e+04
   4.3878000e+04
   4.3879000e+04
   4.3880000e+04
   4.3881000e+04
   4.3882000e+04
   4.3883000e+04
   4.3884000e+04
   4.3885000e+04
   4.3886000e+04
   4.3887000e+04
   4.3888000e+04
   4.3889000e+04
   4.3890000e+04
   4.3891000e+04
   4.3892000e+04
   4.3893000e+04
   4.3894000e+04
   4.3895000e+04
   4.3896000e+04
   4.3897000e+04
   4.3898000e+04
   4.3899000e+04
   4.3900000e+04
   4.3901000e+04
   4.3902000e+04
   4.3903000e+04
   4.3904000e+04
   4.3905000e+04
   4.3906000e+04
   4.3907000e+04
   4.3908000e+04
   4.3909000e+04
   4.3910000e+04
   4.3911000e+04
   4.3912000e+04
   4.3913000e+04
   4.3914000e+04
   4.3915000e+04
   4.3916000e+04
   4.3917000e+04
   4.3918000e+04
   4.3919000e+04
   4.3920000e+04
   4.3921000e+04
   4.3922000e+04
   4.3923000e+04
   4.3924000e+04
   4.3925000e+04
   4.3926000e+04
   4.3927000e+04
   4.3928000e+04
   4.3929000e+04
   4.3930000e+04
   4.3931000e+04
   4.3932000e+04
   4.3933000e+04
   4.3934000e+04
   4.3935000e+04
   4.3936000e+04
   4.3937000e+04
   4.3938000e+04
   4.3939000e+04
   4.3940000e+04
   4.3941000e+04
   4.3942000e+04
   4.3943000e+04
   4.3944000e+04
   4.3945000e+04
   4.3946000e+04
   4.3947000e+04
   4.3948000e+04
